64
5.47912097e-01 2.69436640e-01 -7.93194065e-01 0.00000000e+00 0.00000000e+00 0.00000000e+00 1.00000000e+00 -1.20881685e-18
-1.22243120e-01 1.07158801e-01 1.75289144e-01 0.00000000e+00 0.00000000e+00 0.00000000e+00 1.00000000e+00 1.06100197e-18
7.17195840e-01 1.18414321e-01 -6.58814063e-01 0.00000000e+00 0.00000000e+00 0.00000000e+00 1.00000000e+00 -1.11099953e-18
3.94736058e-01 -3.92099804e-01 8.50240237e-01 0.00000000e+00 0.00000000e+00 0.00000000e+00 1.00000000e+00 -1.02773764e-18
-8.11645304e-01 -9.38364331e-01 1.62122279e-01 0.00000000e+00 0.00000000e+00 0.00000000e+00 1.00000000e+00 3.18457573e-19
9.51244703e-01 -1.26565222e-01 -3.06260391e-01 0.00000000e+00 0.00000000e+00 0.00000000e+00 1.00000000e+00 1.20022910e-18
5.22279404e-01 -5.70830654e-01 1.81830983e-01 0.00000000e+00 0.00000000e+00 0.00000000e+00 1.00000000e+00 -9.72730571e-19
5.72128611e-01 -1.82942713e-01 -9.54392258e-01 0.00000000e+00 0.00000000e+00 0.00000000e+00 1.00000000e+00 -6.07789959e-19
-7.43772735e-01 7.06806147e-01 9.17118426e-01 0.00000000e+00 0.00000000e+00 0.00000000e+00 1.00000000e+00 8.88903100e-19
-9.92281242e-02 -5.32121028e-01 -3.53931261e-02 0.00000000e+00 0.00000000e+00 0.00000000e+00 1.00000000e+00 1.51189855e-18
-2.58403952e-01 -8.83394517e-01 5.65470455e-01 0.00000000e+00 0.00000000e+00 0.00000000e+00 1.00000000e+00 2.37502243e-21
8.53529978e-01 -4.37232216e-01 -8.34540000e-01 0.00000000e+00 0.00000000e+00 0.00000000e+00 1.00000000e+00 -1.14107820e-18
2.87730240e-01 -4.12812484e-01 -2.66833383e-02 0.00000000e+00 0.00000000e+00 0.00000000e+00 1.00000000e+00 -1.55751984e-18
6.45523227e-01 3.23833029e-01 -1.85860113e-02 0.00000000e+00 0.00000000e+00 0.00000000e+00 1.00000000e+00 -8.66277584e-19
-1.13171602e-01 1.14064305e-01 8.75652910e-01 0.00000000e+00 0.00000000e+00 0.00000000e+00 1.00000000e+00 -1.17977168e-18
-5.45522556e-01 5.67796418e-01 1.43456105e-01 0.00000000e+00 0.00000000e+00 0.00000000e+00 1.00000000e+00 5.69281151e-19
1.09169574e-01 3.28627081e-01 -5.30211979e-02 0.00000000e+00 0.00000000e+00 0.00000000e+00 1.00000000e+00 -1.21178225e-18
-8.72365488e-01 -1.87226277e-01 -4.66048674e-01 0.00000000e+00 0.00000000e+00 0.00000000e+00 1.00000000e+00 2.02833371e-20
6.55262344e-01 6.28040769e-01 -3.36862005e-01 0.00000000e+00 0.00000000e+00 0.00000000e+00 1.00000000e+00 6.22485471e-19
2.63328798e-01 -6.66054160e-01 4.13448049e-02 0.00000000e+00 0.00000000e+00 0.00000000e+00 1.00000000e+00 2.59926272e-19
5.16175480e-01 -9.54575854e-01 -1.22177079e-01 0.00000000e+00 0.00000000e+00 0.00000000e+00 1.00000000e+00 -9.62024872e-19
-2.90948064e-01 -8.19904278e-01 -9.56775840e-01 0.00000000e+00 0.00000000e+00 0.00000000e+00 1.00000000e+00 9.74522419e-19
9.41396049e-01 4.44718701e-01 6.52583848e-01 0.00000000e+00 0.00000000e+00 0.00000000e+00 1.00000000e+00 6.90240540e-19
7.86242243e-01 -7.62455395e-02 7.92321544e-01 0.00000000e+00 0.00000000e+00 0.00000000e+00 1.00000000e+00 7.65789174e-19
5.56766994e-01 -6.77456442e-01 -7.19501822e-01 0.00000000e+00 0.00000000e+00 0.00000000e+00 1.00000000e+00 -1.18222130e-18
-6.10722584e-01 2.08955021e-03 1.08072287e-01 0.00000000e+00 0.00000000e+00 0.00000000e+00 1.00000000e+00 -1.20562573e-18
-6.65579925e-02 -6.95375795e-01 -7.82848518e-01 0.00000000e+00 0.00000000e+00 0.00000000e+00 1.00000000e+00 1.37006146e-18
-9.12392468e-01 3.92640750e-01 3.44480186e-01 0.00000000e+00 0.00000000e+00 0.00000000e+00 1.00000000e+00 -3.28195649e-19
-6.91421016e-01 -1.07687449e-01 -4.37532432e-01 0.00000000e+00 0.00000000e+00 0.00000000e+00 1.00000000e+00 -6.37830710e-19
3.66097906e-01 -2.37957548e-01 3.18845269e-01 0.00000000e+00 0.00000000e+00 0.00000000e+00 1.00000000e+00 -3.65807516e-20
4.89524312e-01 -3.96975822e-01 4.53989229e-01 0.00000000e+00 0.00000000e+00 0.00000000e+00 1.00000000e+00 5.21874472e-19
9.35019465e-01 2.60565186e-01 5.37294984e-01 0.00000000e+00 0.00000000e+00 0.00000000e+00 1.00000000e+00 1.45997787e-18
-3.48349284e-01 -2.76374779e-01 -7.84518108e-01 0.00000000e+00 0.00000000e+00 0.00000000e+00 1.00000000e+00 -6.84301731e-19
-2.59080588e-01 -8.24700161e-01 8.32023690e-01 0.00000000e+00 0.00000000e+00 0.00000000e+00 1.00000000e+00 1.36123628e-18
-6.08883774e-02 -7.63988196e-01 -5.39572018e-01 0.00000000e+00 0.00000000e+00 0.00000000e+00 1.00000000e+00 -1.52251804e-18
-6.21057282e-01 9.23795329e-01 -9.25174888e-01 0.00000000e+00 0.00000000e+00 0.00000000e+00 1.00000000e+00 1.76874027e-19
-7.40156989e-01 8.17161381e-01 1.09704939e-01 0.00000000e+00 0.00000000e+00 0.00000000e+00 1.00000000e+00 4.29303587e-19
-4.85901475e-02 3.99414268e-01 -2.58155432e-01 0.00000000e+00 0.00000000e+00 0.00000000e+00 1.00000000e+00 -1.26284394e-18
-5.46181302e-01 -4.68260077e-01 6.59579486e-01 0.00000000e+00 0.00000000e+00 0.00000000e+00 1.00000000e+00 -1.15247899e-18
3.39627989e-01 9.38352755e-01 6.16502944e-01 0.00000000e+00 0.00000000e+00 0.00000000e+00 1.00000000e+00 -2.59186295e-19
-1.25696162e-01 5.57501808e-01 -3.65722214e-01 0.00000000e+00 0.00000000e+00 0.00000000e+00 1.00000000e+00 1.49397175e-18
6.65356392e-01 4.33780378e-01 9.05798790e-01 0.00000000e+00 0.00000000e+00 0.00000000e+00 1.00000000e+00 3.07754269e-19
4.00530204e-01 -1.01276996e-01 -4.18164324e-01 0.00000000e+00 0.00000000e+00 0.00000000e+00 1.00000000e+00 1.38755938e-18
-3.75266717e-01 -4.55516876e-01 3.01142585e-02 0.00000000e+00 0.00000000e+00 0.00000000e+00 1.00000000e+00 9.75279895e-19
6.64519603e-01 -8.07218076e-01 -4.88069819e-01 0.00000000e+00 0.00000000e+00 0.00000000e+00 1.00000000e+00 -1.04520872e-19
6.09528715e-01 8.05204793e-01 8.72087140e-01 0.00000000e+00 0.00000000e+00 0.00000000e+00 1.00000000e+00 9.12482689e-19
-2.25043242e-01 -8.84474203e-02 -6.70784365e-01 0.00000000e+00 0.00000000e+00 0.00000000e+00 1.00000000e+00 -1.54502128e-18
-4.23343792e-01 -5.95273270e-01 -9.10178761e-01 0.00000000e+00 0.00000000e+00 0.00000000e+00 1.00000000e+00 -1.25244071e-18
3.64991008e-01 -3.88086752e-01 -1.29805880e-01 0.00000000e+00 0.00000000e+00 0.00000000e+00 1.00000000e+00 1.05560566e-18
-7.20495033e-01 1.58439138e-01 9.84751128e-01 0.00000000e+00 0.00000000e+00 0.00000000e+00 1.00000000e+00 9.51106807e-19
-6.00183595e-01 -6.46454434e-01 7.83354533e-01 0.00000000e+00 0.00000000e+00 0.00000000e+00 1.00000000e+00 -8.56713512e-19
-9.85275460e-01 7.13228568e-01 4.97216039e-01 0.00000000e+00 0.00000000e+00 0.00000000e+00 1.00000000e+00 9.85966382e-20
5.73848755e-01 5.17039060e-01 7.81584982e-01 0.00000000e+00 0.00000000e+00 0.00000000e+00 1.00000000e+00 3.39712142e-19
3.29701713e-01 4.38925912e-01 7.86893279e-01 0.00000000e+00 0.00000000e+00 0.00000000e+00 1.00000000e+00 1.17836552e-18
4.10330757e-01 -1.35813920e-01 3.77167208e-02 0.00000000e+00 0.00000000e+00 0.00000000e+00 1.00000000e+00 3.30391757e-19
5.61458062e-01 2.54617681e-01 -3.68141896e-01 0.00000000e+00 0.00000000e+00 0.00000000e+00 1.00000000e+00 -2.80151578e-19
-8.21684489e-02 1.68195938e-01 5.44024864e-01 0.00000000e+00 0.00000000e+00 0.00000000e+00 1.00000000e+00 -4.03158772e-19
1.37482392e-01 2.99693203e-01 3.23322526e-01 0.00000000e+00 0.00000000e+00 0.00000000e+00 1.00000000e+00 -2.37499979e-19
-7.20406004e-01 -8.31111358e-01 -2.52684542e-01 0.00000000e+00 0.00000000e+00 0.00000000e+00 1.00000000e+00 4.86840678e-19
-7.70939853e-01 -1.68385196e-01 -8.11066664e-01 0.00000000e+00 0.00000000e+00 0.00000000e+00 1.00000000e+00 1.17756981e-18
3.36805924e-01 -9.16771652e-01 4.93579223e-01 0.00000000e+00 0.00000000e+00 0.00000000e+00 1.00000000e+00 -1.47730677e-19
-5.78075877e-02 -1.20183615e-02 -4.75078968e-01 0.00000000e+00 0.00000000e+00 0.00000000e+00 1.00000000e+00 -8.08011121e-19
1.30472213e-01 -3.40277575e-01 8.73626301e-01 0.00000000e+00 0.00000000e+00 0.00000000e+00 1.00000000e+00 -8.43826818e-19
5.29997715e-01 -7.10951622e-01 -5.18058850e-01 0.00000000e+00 0.00000000e+00 0.00000000e+00 1.00000000e+00 7.88316663e-19
