512
5.47912097e-01 -8.88864166e-01 3.19991438e-01 0.00000000e+00 0.00000000e+00 0.00000000e+00 1.00000000e+00 9.04304366e-19
-1.22243120e-01 -4.38777128e-01 -3.95039438e-01 0.00000000e+00 0.00000000e+00 0.00000000e+00 1.00000000e+00 7.94647980e-19
7.17195840e-01 -3.31739919e-01 8.95071199e-01 0.00000000e+00 0.00000000e+00 0.00000000e+00 1.00000000e+00 1.00960551e-18
3.94736058e-01 -6.54011110e-01 -2.67329023e-01 0.00000000e+00 0.00000000e+00 0.00000000e+00 1.00000000e+00 -1.65855296e-19
-8.11645304e-01 -3.72213260e-01 4.77021425e-01 0.00000000e+00 0.00000000e+00 0.00000000e+00 1.00000000e+00 1.02717814e-18
9.51244703e-01 4.85385133e-01 -1.93719592e-01 0.00000000e+00 0.00000000e+00 0.00000000e+00 1.00000000e+00 -8.30718743e-19
5.22279404e-01 -9.70634313e-01 1.23637860e-01 0.00000000e+00 0.00000000e+00 0.00000000e+00 1.00000000e+00 -4.46012132e-19
5.72128611e-01 6.54346849e-01 4.39565070e-01 0.00000000e+00 0.00000000e+00 0.00000000e+00 1.00000000e+00 -1.03707107e-18
-7.43772735e-01 7.13096047e-01 1.78683035e-02 0.00000000e+00 0.00000000e+00 0.00000000e+00 1.00000000e+00 -1.04191022e-19
-9.92281242e-02 -2.55476854e-01 8.14172654e-01 0.00000000e+00 0.00000000e+00 0.00000000e+00 1.00000000e+00 -3.45877820e-19
-2.58403952e-01 -6.92774202e-01 -1.61398024e-01 0.00000000e+00 0.00000000e+00 0.00000000e+00 1.00000000e+00 -8.30161041e-19
8.53529978e-01 2.01680816e-01 2.94143596e-01 0.00000000e+00 0.00000000e+00 0.00000000e+00 1.00000000e+00 8.06794338e-19
2.87730240e-01 -7.60654888e-01 -3.15275133e-01 0.00000000e+00 0.00000000e+00 0.00000000e+00 1.00000000e+00 -5.96500704e-19
6.45523227e-01 -2.70161278e-01 -1.83686664e-01 0.00000000e+00 0.00000000e+00 0.00000000e+00 1.00000000e+00 -7.28015187e-19
-1.13171602e-01 9.16858362e-01 -1.19899784e-01 0.00000000e+00 0.00000000e+00 0.00000000e+00 1.00000000e+00 -1.18275777e-18
-5.45522556e-01 9.90928945e-01 -7.48385963e-01 0.00000000e+00 0.00000000e+00 0.00000000e+00 1.00000000e+00 -1.96036880e-19
1.09169574e-01 5.44209783e-01 -8.16552642e-01 0.00000000e+00 0.00000000e+00 0.00000000e+00 1.00000000e+00 -6.31370935e-19
-8.72365488e-01 -3.78076980e-01 3.34979846e-01 0.00000000e+00 0.00000000e+00 0.00000000e+00 1.00000000e+00 -4.18895998e-19
6.55262344e-01 3.75330098e-01 3.11035477e-01 0.00000000e+00 0.00000000e+00 0.00000000e+00 1.00000000e+00 -8.45958034e-19
2.63328798e-01 4.10812731e-01 3.25819428e-01 0.00000000e+00 0.00000000e+00 0.00000000e+00 1.00000000e+00 8.43243154e-19
5.16175480e-01 -2.24316610e-01 -9.60467109e-01 0.00000000e+00 0.00000000e+00 0.00000000e+00 1.00000000e+00 1.37788263e-18
-2.90948064e-01 2.81777269e-01 -3.46906315e-01 0.00000000e+00 0.00000000e+00 0.00000000e+00 1.00000000e+00 -6.62707427e-21
9.41396049e-01 -9.78544710e-01 -6.04380305e-01 0.00000000e+00 0.00000000e+00 0.00000000e+00 1.00000000e+00 4.58217465e-19
7.86242243e-01 -5.81884683e-01 5.56302845e-01 0.00000000e+00 0.00000000e+00 0.00000000e+00 1.00000000e+00 1.17654968e-18
5.56766994e-01 5.01766059e-02 7.21260803e-01 0.00000000e+00 0.00000000e+00 0.00000000e+00 1.00000000e+00 1.59842638e-18
-6.10722584e-01 -6.72497391e-01 -5.06639246e-01 0.00000000e+00 0.00000000e+00 0.00000000e+00 1.00000000e+00 3.63746919e-19
-6.65579925e-02 -6.68186264e-01 3.35698318e-01 0.00000000e+00 0.00000000e+00 0.00000000e+00 1.00000000e+00 1.24899111e-18
-9.12392468e-01 6.72608581e-01 -7.41274393e-01 0.00000000e+00 0.00000000e+00 0.00000000e+00 1.00000000e+00 1.30932517e-18
-6.91421016e-01 9.78266005e-01 -4.49694949e-01 0.00000000e+00 0.00000000e+00 0.00000000e+00 1.00000000e+00 9.33913527e-19
3.66097906e-01 1.11938856e-01 -7.22691008e-01 0.00000000e+00 0.00000000e+00 0.00000000e+00 1.00000000e+00 -1.25189625e-19
4.89524312e-01 6.78139462e-01 -4.32958467e-01 0.00000000e+00 0.00000000e+00 0.00000000e+00 1.00000000e+00 -1.34213055e-18
9.35019465e-01 9.80643329e-01 3.49473095e-01 0.00000000e+00 0.00000000e+00 0.00000000e+00 1.00000000e+00 -1.55153005e-18
-3.48349284e-01 -7.16808223e-01 8.20653820e-01 0.00000000e+00 0.00000000e+00 0.00000000e+00 1.00000000e+00 -7.30572252e-20
-2.59080588e-01 -1.03508773e-01 -5.94955184e-01 0.00000000e+00 0.00000000e+00 0.00000000e+00 1.00000000e+00 -1.82182430e-20
-6.08883774e-02 -2.14854568e-01 8.41580699e-02 0.00000000e+00 0.00000000e+00 0.00000000e+00 1.00000000e+00 -2.96843635e-19
-6.21057282e-01 -8.39901433e-01 4.02782202e-01 0.00000000e+00 0.00000000e+00 0.00000000e+00 1.00000000e+00 2.18432275e-19
-7.40156989e-01 5.10660346e-01 9.05844937e-01 0.00000000e+00 0.00000000e+00 0.00000000e+00 1.00000000e+00 1.67147729e-19
-4.85901475e-02 -1.32441945e-01 2.20120966e-01 0.00000000e+00 0.00000000e+00 0.00000000e+00 1.00000000e+00 1.07862710e-18
-5.46181302e-01 -6.13461316e-02 -4.89786138e-01 0.00000000e+00 0.00000000e+00 0.00000000e+00 1.00000000e+00 -1.25400089e-18
3.39627989e-01 -6.98654052e-01 2.50956314e-01 0.00000000e+00 0.00000000e+00 0.00000000e+00 1.00000000e+00 -8.80627844e-19
-1.25696162e-01 -6.38146696e-01 -3.59017677e-01 0.00000000e+00 0.00000000e+00 0.00000000e+00 1.00000000e+00 9.38891462e-19
6.65356392e-01 8.14207244e-01 9.52256781e-01 0.00000000e+00 0.00000000e+00 0.00000000e+00 1.00000000e+00 1.11459220e-18
4.00530204e-01 -9.10701822e-01 -2.00647730e-01 0.00000000e+00 0.00000000e+00 0.00000000e+00 1.00000000e+00 1.58559159e-18
-3.75266717e-01 -5.34295430e-01 3.70855442e-01 0.00000000e+00 0.00000000e+00 0.00000000e+00 1.00000000e+00 1.19494184e-18
6.64519603e-01 -4.15881339e-01 -9.53544835e-01 0.00000000e+00 0.00000000e+00 0.00000000e+00 1.00000000e+00 1.24937416e-18
6.09528715e-01 -1.96049152e-02 -1.99877108e-01 0.00000000e+00 0.00000000e+00 0.00000000e+00 1.00000000e+00 -5.94894777e-19
-2.25043242e-01 1.72890346e-01 7.50215227e-01 0.00000000e+00 0.00000000e+00 0.00000000e+00 1.00000000e+00 -3.15110864e-19
-4.23343792e-01 -1.34200483e-02 2.20454889e-01 0.00000000e+00 0.00000000e+00 0.00000000e+00 1.00000000e+00 -7.43137252e-19
3.64991008e-01 -8.31769331e-01 -1.12114227e-01 0.00000000e+00 0.00000000e+00 0.00000000e+00 1.00000000e+00 3.40620824e-19
-7.20495033e-01 -5.12665092e-01 8.71874999e-01 0.00000000e+00 0.00000000e+00 0.00000000e+00 1.00000000e+00 1.40608737e-18
-6.00183595e-01 6.87176770e-01 7.07968752e-01 0.00000000e+00 0.00000000e+00 0.00000000e+00 1.00000000e+00 -4.97825483e-19
-9.85275460e-01 2.75177401e-01 -3.55568652e-01 0.00000000e+00 0.00000000e+00 0.00000000e+00 1.00000000e+00 1.82653846e-19
5.73848755e-01 2.98298100e-01 8.90968041e-02 0.00000000e+00 0.00000000e+00 0.00000000e+00 1.00000000e+00 -6.52727945e-19
3.29701713e-01 3.40406511e-01 -2.03514878e-02 0.00000000e+00 0.00000000e+00 0.00000000e+00 1.00000000e+00 -1.05807753e-18
4.10330757e-01 5.25806038e-01 2.64405000e-01 0.00000000e+00 0.00000000e+00 0.00000000e+00 1.00000000e+00 -9.76733244e-19
5.61458062e-01 -8.83783037e-01 -3.31777466e-01 0.00000000e+00 0.00000000e+00 0.00000000e+00 1.00000000e+00 -1.41649928e-18
-8.21684489e-02 -2.66783230e-01 -5.11589998e-01 0.00000000e+00 0.00000000e+00 0.00000000e+00 1.00000000e+00 1.43969517e-18
1.37482392e-01 7.90548705e-02 8.25343671e-01 0.00000000e+00 0.00000000e+00 0.00000000e+00 1.00000000e+00 -3.11208044e-19
-7.20406004e-01 -3.23087033e-01 8.47748999e-01 0.00000000e+00 0.00000000e+00 0.00000000e+00 1.00000000e+00 1.07064137e-18
-7.70939853e-01 6.88957747e-01 6.86645772e-01 0.00000000e+00 0.00000000e+00 0.00000000e+00 1.00000000e+00 5.81043688e-19
3.36805924e-01 -3.48549828e-02 9.56408862e-01 0.00000000e+00 0.00000000e+00 0.00000000e+00 1.00000000e+00 -9.87193433e-19
-5.78075877e-02 5.37255179e-01 4.89983052e-01 0.00000000e+00 0.00000000e+00 0.00000000e+00 1.00000000e+00 -1.03993361e-18
1.30472213e-01 7.04031034e-01 5.29334457e-01 0.00000000e+00 0.00000000e+00 0.00000000e+00 1.00000000e+00 9.99720413e-19
5.29997715e-01 9.58296581e-03 5.25180184e-01 0.00000000e+00 0.00000000e+00 0.00000000e+00 1.00000000e+00 -7.53946799e-19
2.69436640e-01 8.19104488e-01 -3.87847381e-02 0.00000000e+00 0.00000000e+00 0.00000000e+00 1.00000000e+00 1.32431173e-18
1.07158801e-01 1.74247881e-01 -8.70956110e-02 0.00000000e+00 0.00000000e+00 0.00000000e+00 1.00000000e+00 -1.15338964e-18
1.18414321e-01 7.00548598e-01 -5.19547448e-01 0.00000000e+00 0.00000000e+00 0.00000000e+00 1.00000000e+00 5.69441179e-19
-3.92099804e-01 -3.18818409e-01 2.89638389e-01 0.00000000e+00 0.00000000e+00 0.00000000e+00 1.00000000e+00 1.00768539e-18
-9.38364331e-01 -2.36608294e-03 -4.21359728e-01 0.00000000e+00 0.00000000e+00 0.00000000e+00 1.00000000e+00 -8.48332057e-19
-1.26565222e-01 6.28220820e-02 -4.84383181e-01 0.00000000e+00 0.00000000e+00 0.00000000e+00 1.00000000e+00 -7.17110666e-19
-5.70830654e-01 -7.90040568e-01 1.71922748e-01 0.00000000e+00 0.00000000e+00 0.00000000e+00 1.00000000e+00 1.48848261e-18
-1.82942713e-01 -2.02894987e-01 -1.80035224e-01 0.00000000e+00 0.00000000e+00 0.00000000e+00 1.00000000e+00 -7.54312433e-19
7.06806147e-01 8.34675345e-01 -5.62286782e-01 0.00000000e+00 0.00000000e+00 0.00000000e+00 1.00000000e+00 -2.24442356e-19
-5.32121028e-01 2.61664481e-01 6.32112034e-01 0.00000000e+00 0.00000000e+00 0.00000000e+00 1.00000000e+00 -2.16243879e-19
-8.83394517e-01 -6.44986835e-01 7.21139839e-01 0.00000000e+00 0.00000000e+00 0.00000000e+00 1.00000000e+00 -7.91363906e-19
-4.37232216e-01 -3.22288729e-01 -6.64600961e-01 0.00000000e+00 0.00000000e+00 0.00000000e+00 1.00000000e+00 8.83732069e-19
-4.12812484e-01 -6.16793981e-01 -9.84985934e-01 0.00000000e+00 0.00000000e+00 0.00000000e+00 1.00000000e+00 8.71101331e-19
3.23833029e-01 -9.50353736e-01 -3.27740063e-01 0.00000000e+00 0.00000000e+00 0.00000000e+00 1.00000000e+00 -3.89912069e-19
1.14064305e-01 8.54920917e-01 5.95021671e-01 0.00000000e+00 0.00000000e+00 0.00000000e+00 1.00000000e+00 1.07386142e-18
5.67796418e-01 -1.03585343e-01 6.78347732e-01 0.00000000e+00 0.00000000e+00 0.00000000e+00 1.00000000e+00 -9.19409272e-19
3.28627081e-01 -3.84929855e-01 -7.23341860e-01 0.00000000e+00 0.00000000e+00 0.00000000e+00 1.00000000e+00 -1.58837941e-18
-1.87226277e-01 1.96954383e-01 5.48671802e-01 0.00000000e+00 0.00000000e+00 0.00000000e+00 1.00000000e+00 2.28045369e-19
6.28040769e-01 -9.85371087e-01 -7.68591665e-01 0.00000000e+00 0.00000000e+00 0.00000000e+00 1.00000000e+00 1.58319972e-18
-6.66054160e-01 -4.43955787e-01 -2.19874820e-01 0.00000000e+00 0.00000000e+00 0.00000000e+00 1.00000000e+00 -1.47834661e-18
-9.54575854e-01 4.06066931e-01 9.97219030e-01 0.00000000e+00 0.00000000e+00 0.00000000e+00 1.00000000e+00 -9.35677327e-19
-8.19904278e-01 2.67539546e-01 -6.14818354e-01 0.00000000e+00 0.00000000e+00 0.00000000e+00 1.00000000e+00 6.06091965e-20
4.44718701e-01 9.63611895e-01 -6.92072835e-01 0.00000000e+00 0.00000000e+00 0.00000000e+00 1.00000000e+00 9.93159612e-19
-7.62455395e-02 2.40715419e-01 -1.54399335e-01 0.00000000e+00 0.00000000e+00 0.00000000e+00 1.00000000e+00 -1.31685459e-18
-6.77456442e-01 -4.49882527e-02 2.39337052e-01 0.00000000e+00 0.00000000e+00 0.00000000e+00 1.00000000e+00 -3.35705180e-19
2.08955021e-03 5.22865126e-01 8.65801565e-01 0.00000000e+00 0.00000000e+00 0.00000000e+00 1.00000000e+00 7.91718149e-19
-6.95375795e-01 8.06655744e-01 9.61642291e-01 0.00000000e+00 0.00000000e+00 0.00000000e+00 1.00000000e+00 -4.11620940e-19
3.92640750e-01 4.41391893e-01 -8.60718727e-01 0.00000000e+00 0.00000000e+00 0.00000000e+00 1.00000000e+00 -9.97078033e-19
-1.07687449e-01 9.26422447e-01 -7.24004965e-01 0.00000000e+00 0.00000000e+00 0.00000000e+00 1.00000000e+00 -9.75738941e-19
-2.37957548e-01 5.64010341e-01 5.81475948e-01 0.00000000e+00 0.00000000e+00 0.00000000e+00 1.00000000e+00 -2.88235464e-19
-3.96975822e-01 7.33602877e-01 -4.58735695e-01 0.00000000e+00 0.00000000e+00 0.00000000e+00 1.00000000e+00 -6.59549636e-20
2.60565186e-01 -7.71791858e-01 7.69698119e-01 0.00000000e+00 0.00000000e+00 0.00000000e+00 1.00000000e+00 1.15938121e-18
-2.76374779e-01 4.64827006e-01 3.26906514e-01 0.00000000e+00 0.00000000e+00 0.00000000e+00 1.00000000e+00 4.55827002e-19
-8.24700161e-01 -1.19822601e-01 -7.76310395e-01 0.00000000e+00 0.00000000e+00 0.00000000e+00 1.00000000e+00 6.10115125e-19
-7.63988196e-01 1.06207605e-01 6.65058570e-01 0.00000000e+00 0.00000000e+00 0.00000000e+00 1.00000000e+00 1.54766152e-18
9.23795329e-01 3.08204819e-01 -6.47287240e-01 0.00000000e+00 0.00000000e+00 0.00000000e+00 1.00000000e+00 -2.82484760e-19
8.17161381e-01 9.39630233e-01 -1.53009211e-01 0.00000000e+00 0.00000000e+00 0.00000000e+00 1.00000000e+00 -3.09686634e-19
3.99414268e-01 9.69156163e-01 1.04369857e-01 0.00000000e+00 0.00000000e+00 0.00000000e+00 1.00000000e+00 1.35655324e-18
-4.68260077e-01 -4.23543509e-01 1.53229816e-03 0.00000000e+00 0.00000000e+00 0.00000000e+00 1.00000000e+00 -8.14304393e-19
9.38352755e-01 4.67506995e-01 3.72325831e-01 0.00000000e+00 0.00000000e+00 0.00000000e+00 1.00000000e+00 7.36409236e-19
5.57501808e-01 4.99967076e-01 3.05373470e-01 0.00000000e+00 0.00000000e+00 0.00000000e+00 1.00000000e+00 8.15742267e-19
4.33780378e-01 -3.07014277e-01 9.84084011e-01 0.00000000e+00 0.00000000e+00 0.00000000e+00 1.00000000e+00 -1.28882934e-18
-1.01276996e-01 -7.52260450e-01 9.98843818e-01 0.00000000e+00 0.00000000e+00 0.00000000e+00 1.00000000e+00 -1.01797799e-19
-4.55516876e-01 -9.18106079e-01 3.29188053e-02 0.00000000e+00 0.00000000e+00 0.00000000e+00 1.00000000e+00 -9.59503624e-19
-8.07218076e-01 5.54686255e-01 -8.09601826e-01 0.00000000e+00 0.00000000e+00 0.00000000e+00 1.00000000e+00 -1.00816877e-18
8.05204793e-01 -2.06005164e-02 4.55686598e-01 0.00000000e+00 0.00000000e+00 0.00000000e+00 1.00000000e+00 -1.15907512e-19
-8.84474203e-02 9.71080339e-01 9.53328156e-01 0.00000000e+00 0.00000000e+00 0.00000000e+00 1.00000000e+00 -6.74741605e-19
-5.95273270e-01 -7.00530876e-02 -3.63347225e-01 0.00000000e+00 0.00000000e+00 0.00000000e+00 1.00000000e+00 9.48682263e-19
-3.88086752e-01 9.55833958e-01 -7.75822283e-02 0.00000000e+00 0.00000000e+00 0.00000000e+00 1.00000000e+00 1.30611007e-18
1.58439138e-01 -1.76847996e-01 -1.50446150e-01 0.00000000e+00 0.00000000e+00 0.00000000e+00 1.00000000e+00 9.70023761e-19
-6.46454434e-01 5.87364301e-01 -8.97161691e-01 0.00000000e+00 0.00000000e+00 0.00000000e+00 1.00000000e+00 -7.49719738e-19
7.13228568e-01 -8.30361455e-01 3.44528862e-01 0.00000000e+00 0.00000000e+00 0.00000000e+00 1.00000000e+00 -7.23753194e-19
5.17039060e-01 1.10923420e-01 -2.93324610e-01 0.00000000e+00 0.00000000e+00 0.00000000e+00 1.00000000e+00 -7.85937013e-19
4.38925912e-01 6.04119574e-01 5.74927749e-01 0.00000000e+00 0.00000000e+00 0.00000000e+00 1.00000000e+00 -1.16946687e-18
-1.35813920e-01 8.49403334e-01 6.64240151e-01 0.00000000e+00 0.00000000e+00 0.00000000e+00 1.00000000e+00 1.42208675e-18
2.54617681e-01 6.45166181e-01 6.42461573e-01 0.00000000e+00 0.00000000e+00 0.00000000e+00 1.00000000e+00 -3.13873458e-19
1.68195938e-01 -9.26058546e-01 -1.66668004e-01 0.00000000e+00 0.00000000e+00 0.00000000e+00 1.00000000e+00 -8.82192182e-19
2.99693203e-01 -2.54595317e-01 -3.56908636e-01 0.00000000e+00 0.00000000e+00 0.00000000e+00 1.00000000e+00 1.11085651e-18
-8.31111358e-01 -9.02603055e-01 4.97641559e-01 0.00000000e+00 0.00000000e+00 0.00000000e+00 1.00000000e+00 -3.23013861e-19
-1.68385196e-01 -7.81435418e-01 6.02778868e-01 0.00000000e+00 0.00000000e+00 0.00000000e+00 1.00000000e+00 -1.48964997e-18
-9.16771652e-01 3.50611257e-01 -1.74851072e-02 0.00000000e+00 0.00000000e+00 0.00000000e+00 1.00000000e+00 -1.08325863e-18
-1.20183615e-02 4.26516393e-01 7.86062039e-01 0.00000000e+00 0.00000000e+00 0.00000000e+00 1.00000000e+00 4.46207283e-19
-3.40277575e-01 5.47441366e-01 -7.12182608e-01 0.00000000e+00 0.00000000e+00 0.00000000e+00 1.00000000e+00 9.06528440e-19
-7.10951622e-01 7.30913096e-01 7.58137559e-01 0.00000000e+00 0.00000000e+00 0.00000000e+00 1.00000000e+00 -9.26268337e-19
-7.93194065e-01 4.78862937e-01 -8.07809534e-01 0.00000000e+00 0.00000000e+00 0.00000000e+00 1.00000000e+00 1.33748292e-18
1.75289144e-01 6.01743184e-01 -6.92948956e-01 0.00000000e+00 0.00000000e+00 0.00000000e+00 1.00000000e+00 1.12471877e-18
-6.58814063e-01 -9.02072580e-01 6.76800265e-02 0.00000000e+00 0.00000000e+00 0.00000000e+00 1.00000000e+00 1.11633501e-18
8.50240237e-01 -5.30929699e-01 -8.64963040e-01 0.00000000e+00 0.00000000e+00 0.00000000e+00 1.00000000e+00 -8.72669894e-19
1.62122279e-01 2.43795547e-01 -8.94385797e-01 0.00000000e+00 0.00000000e+00 0.00000000e+00 1.00000000e+00 -1.44024147e-18
-3.06260391e-01 7.16250609e-01 -9.98962512e-01 0.00000000e+00 0.00000000e+00 0.00000000e+00 1.00000000e+00 1.17735482e-18
1.81830983e-01 -9.90999750e-01 -1.27366681e-01 0.00000000e+00 0.00000000e+00 0.00000000e+00 1.00000000e+00 -6.22284672e-19
-9.54392258e-01 2.92586842e-02 5.49247763e-01 0.00000000e+00 0.00000000e+00 0.00000000e+00 1.00000000e+00 3.81050095e-19
9.17118426e-01 3.54574799e-01 -9.30323299e-01 0.00000000e+00 0.00000000e+00 0.00000000e+00 1.00000000e+00 8.33025733e-19
-3.53931261e-02 -9.40785422e-01 3.04515213e-01 0.00000000e+00 0.00000000e+00 0.00000000e+00 1.00000000e+00 -1.19107971e-18
5.65470455e-01 -1.97288885e-01 6.46254635e-01 0.00000000e+00 0.00000000e+00 0.00000000e+00 1.00000000e+00 8.99905299e-19
-8.34540000e-01 7.91269763e-01 -6.63998303e-01 0.00000000e+00 0.00000000e+00 0.00000000e+00 1.00000000e+00 1.40514563e-18
-2.66833383e-02 3.43225618e-01 -7.06272530e-01 0.00000000e+00 0.00000000e+00 0.00000000e+00 1.00000000e+00 7.31794068e-19
-1.85860113e-02 -5.24683273e-01 7.21601947e-01 0.00000000e+00 0.00000000e+00 0.00000000e+00 1.00000000e+00 -1.88343078e-19
8.75652910e-01 7.05562259e-01 6.46249220e-01 0.00000000e+00 0.00000000e+00 0.00000000e+00 1.00000000e+00 1.20700982e-18
1.43456105e-01 -3.03937153e-01 7.78835325e-02 0.00000000e+00 0.00000000e+00 0.00000000e+00 1.00000000e+00 8.79839467e-20
-5.30211979e-02 7.06689342e-01 6.38399759e-01 0.00000000e+00 0.00000000e+00 0.00000000e+00 1.00000000e+00 7.84332522e-19
-4.66048674e-01 -4.02112698e-01 -8.14487845e-01 0.00000000e+00 0.00000000e+00 0.00000000e+00 1.00000000e+00 1.02701427e-18
-3.36862005e-01 1.80640502e-01 -2.11036964e-01 0.00000000e+00 0.00000000e+00 0.00000000e+00 1.00000000e+00 7.99014657e-19
4.13448049e-02 -2.06119865e-01 4.75595112e-01 0.00000000e+00 0.00000000e+00 0.00000000e+00 1.00000000e+00 -6.79787921e-19
-1.22177079e-01 -4.50349898e-01 -4.85096081e-01 0.00000000e+00 0.00000000e+00 0.00000000e+00 1.00000000e+00 -1.22456315e-18
-9.56775840e-01 7.73115124e-01 5.04657829e-01 0.00000000e+00 0.00000000e+00 0.00000000e+00 1.00000000e+00 -8.38455789e-19
6.52583848e-01 -6.24812636e-01 8.35720878e-03 0.00000000e+00 0.00000000e+00 0.00000000e+00 1.00000000e+00 9.21231371e-21
7.92321544e-01 -8.30376818e-01 5.00531976e-01 0.00000000e+00 0.00000000e+00 0.00000000e+00 1.00000000e+00 1.69091232e-20
-7.19501822e-01 -3.16146123e-01 -7.06407243e-02 0.00000000e+00 0.00000000e+00 0.00000000e+00 1.00000000e+00 2.64821691e-19
1.08072287e-01 4.35278295e-01 -2.64191320e-01 0.00000000e+00 0.00000000e+00 0.00000000e+00 1.00000000e+00 -3.36130770e-19
-7.82848518e-01 6.14863212e-01 -5.61621567e-01 0.00000000e+00 0.00000000e+00 0.00000000e+00 1.00000000e+00 9.19301336e-19
3.44480186e-01 9.97486740e-01 -5.83241317e-01 0.00000000e+00 0.00000000e+00 0.00000000e+00 1.00000000e+00 1.32389057e-18
-4.37532432e-01 -4.07275886e-01 5.02981621e-01 0.00000000e+00 0.00000000e+00 0.00000000e+00 1.00000000e+00 -8.11582403e-19
3.18845269e-01 -1.84116098e-01 -7.62179304e-01 0.00000000e+00 0.00000000e+00 0.00000000e+00 1.00000000e+00 7.57903946e-19
4.53989229e-01 -7.26357444e-01 -8.28035300e-01 0.00000000e+00 0.00000000e+00 0.00000000e+00 1.00000000e+00 5.70284687e-19
5.37294984e-01 1.49743859e-01 -6.47417270e-01 0.00000000e+00 0.00000000e+00 0.00000000e+00 1.00000000e+00 7.39901168e-20
-7.84518108e-01 9.95160075e-01 -6.49306977e-01 0.00000000e+00 0.00000000e+00 0.00000000e+00 1.00000000e+00 -9.98059163e-19
8.32023690e-01 4.01762020e-01 6.46215246e-01 0.00000000e+00 0.00000000e+00 0.00000000e+00 1.00000000e+00 9.46028453e-19
-5.39572018e-01 1.90425681e-01 -2.02986753e-01 0.00000000e+00 0.00000000e+00 0.00000000e+00 1.00000000e+00 1.47600934e-18
-9.25174888e-01 -2.15261814e-01 9.80776915e-01 0.00000000e+00 0.00000000e+00 0.00000000e+00 1.00000000e+00 7.10841976e-19
1.09704939e-01 8.30597521e-01 -7.25577484e-01 0.00000000e+00 0.00000000e+00 0.00000000e+00 1.00000000e+00 1.33897105e-18
-2.58155432e-01 -6.16680774e-03 3.07079651e-01 0.00000000e+00 0.00000000e+00 0.00000000e+00 1.00000000e+00 1.55150064e-18
6.59579486e-01 -7.31266173e-01 -1.02540986e-01 0.00000000e+00 0.00000000e+00 0.00000000e+00 1.00000000e+00 -4.74081905e-19
6.16502944e-01 -2.69243074e-01 -2.14163647e-01 0.00000000e+00 0.00000000e+00 0.00000000e+00 1.00000000e+00 4.42917094e-19
-3.65722214e-01 -8.65666662e-01 7.50168398e-01 0.00000000e+00 0.00000000e+00 0.00000000e+00 1.00000000e+00 -8.35287173e-20
9.05798790e-01 -5.96041925e-01 9.51191292e-01 0.00000000e+00 0.00000000e+00 0.00000000e+00 1.00000000e+00 1.55933042e-18
-4.18164324e-01 -9.64662438e-01 7.45717918e-01 0.00000000e+00 0.00000000e+00 0.00000000e+00 1.00000000e+00 -1.30158323e-18
3.01142585e-02 -9.34401670e-02 -6.15398642e-01 0.00000000e+00 0.00000000e+00 0.00000000e+00 1.00000000e+00 -2.80781730e-19
-4.88069819e-01 2.69080530e-01 -5.58404158e-01 0.00000000e+00 0.00000000e+00 0.00000000e+00 1.00000000e+00 1.20335976e-18
8.72087140e-01 -3.13415075e-01 3.12147758e-01 0.00000000e+00 0.00000000e+00 0.00000000e+00 1.00000000e+00 -6.91975889e-19
-6.70784365e-01 -1.59236457e-01 -4.21832837e-01 0.00000000e+00 0.00000000e+00 0.00000000e+00 1.00000000e+00 9.22189961e-19
-9.10178761e-01 9.18418546e-01 4.69450262e-01 0.00000000e+00 0.00000000e+00 0.00000000e+00 1.00000000e+00 -3.75604155e-19
-1.29805880e-01 5.03926243e-01 1.32841302e-01 0.00000000e+00 0.00000000e+00 0.00000000e+00 1.00000000e+00 1.53802080e-18
9.84751128e-01 8.17132739e-02 1.01817537e-01 0.00000000e+00 0.00000000e+00 0.00000000e+00 1.00000000e+00 1.22896508e-18
7.83354533e-01 -4.30918250e-01 6.57093850e-01 0.00000000e+00 0.00000000e+00 0.00000000e+00 1.00000000e+00 -6.36639761e-19
4.97216039e-01 7.93993598e-01 4.21065543e-01 0.00000000e+00 0.00000000e+00 0.00000000e+00 1.00000000e+00 8.65794186e-19
7.81584982e-01 -5.29805766e-01 -9.46844470e-01 0.00000000e+00 0.00000000e+00 0.00000000e+00 1.00000000e+00 -5.22769267e-19
7.86893279e-01 -3.49314539e-01 -9.01081726e-01 0.00000000e+00 0.00000000e+00 0.00000000e+00 1.00000000e+00 3.40824115e-19
3.77167208e-02 8.18129629e-01 2.03116905e-01 0.00000000e+00 0.00000000e+00 0.00000000e+00 1.00000000e+00 5.07828368e-19
-3.68141896e-01 5.90841106e-02 -2.76158488e-02 0.00000000e+00 0.00000000e+00 0.00000000e+00 1.00000000e+00 1.05614013e-18
5.44024864e-01 4.84635899e-01 -4.79630689e-01 0.00000000e+00 0.00000000e+00 0.00000000e+00 1.00000000e+00 -1.52382750e-18
3.23322526e-01 1.81489588e-01 -1.62687825e-01 0.00000000e+00 0.00000000e+00 0.00000000e+00 1.00000000e+00 -8.96712976e-19
-2.52684542e-01 3.06878418e-01 5.15820637e-01 0.00000000e+00 0.00000000e+00 0.00000000e+00 1.00000000e+00 6.79059529e-19
-8.11066664e-01 -4.01233417e-01 6.53222969e-01 0.00000000e+00 0.00000000e+00 0.00000000e+00 1.00000000e+00 2.03550892e-19
4.93579223e-01 -5.17255877e-01 1.22446136e-01 0.00000000e+00 0.00000000e+00 0.00000000e+00 1.00000000e+00 -1.40828820e-20
-4.75078968e-01 -3.55015306e-01 -2.29261038e-01 0.00000000e+00 0.00000000e+00 0.00000000e+00 1.00000000e+00 -1.42526443e-18
8.73626301e-01 -6.89116872e-01 -4.58606477e-01 0.00000000e+00 0.00000000e+00 0.00000000e+00 1.00000000e+00 -4.86177669e-19
-5.18058850e-01 7.48628731e-01 4.38369415e-02 0.00000000e+00 0.00000000e+00 0.00000000e+00 1.00000000e+00 1.16991012e-18
-7.54484135e-01 -4.33506133e-01 -3.70500763e-01 0.00000000e+00 0.00000000e+00 0.00000000e+00 1.00000000e+00 -1.50318507e-18
6.62225344e-01 1.22978789e-01 1.28190274e-01 0.00000000e+00 0.00000000e+00 0.00000000e+00 1.00000000e+00 -3.31854888e-19
-6.93431367e-01 5.83948850e-01 3.53304765e-01 0.00000000e+00 0.00000000e+00 0.00000000e+00 1.00000000e+00 1.42641237e-18
-6.41463384e-01 5.67648219e-01 -8.67841578e-01 0.00000000e+00 0.00000000e+00 0.00000000e+00 1.00000000e+00 -1.43913679e-18
1.98765583e-01 -1.23227483e-01 -9.97865070e-01 0.00000000e+00 0.00000000e+00 0.00000000e+00 1.00000000e+00 8.00145439e-19
7.49124082e-01 -4.74853828e-02 -5.75445722e-01 0.00000000e+00 0.00000000e+00 0.00000000e+00 1.00000000e+00 -7.76694805e-19
-6.07130669e-01 9.89403498e-01 7.89022995e-01 0.00000000e+00 0.00000000e+00 0.00000000e+00 1.00000000e+00 1.17474421e-18
-3.79352654e-01 3.49194954e-01 2.92581526e-01 0.00000000e+00 0.00000000e+00 0.00000000e+00 1.00000000e+00 7.88488733e-19
5.54809676e-01 6.29276886e-01 -6.56079296e-01 0.00000000e+00 0.00000000e+00 0.00000000e+00 1.00000000e+00 1.23593562e-18
9.43652852e-01 8.05107938e-01 7.80527924e-01 0.00000000e+00 0.00000000e+00 0.00000000e+00 1.00000000e+00 -9.10277326e-19
1.48237240e-03 5.75179672e-01 -6.00881194e-02 0.00000000e+00 0.00000000e+00 0.00000000e+00 1.00000000e+00 1.00273041e-19
-7.12204995e-01 -6.29641310e-01 -4.78164866e-02 0.00000000e+00 0.00000000e+00 0.00000000e+00 1.00000000e+00 8.94879556e-19
-9.72127425e-01 1.24341467e-01 8.71083888e-01 0.00000000e+00 0.00000000e+00 0.00000000e+00 1.00000000e+00 -8.14867860e-19
-5.40687940e-01 -7.96211685e-01 -8.81026616e-01 0.00000000e+00 0.00000000e+00 0.00000000e+00 1.00000000e+00 -8.62783957e-19
-7.36355564e-01 3.05844253e-01 -5.69643451e-01 0.00000000e+00 0.00000000e+00 0.00000000e+00 1.00000000e+00 -1.51507548e-18
3.55317347e-01 9.10698856e-01 1.71542650e-01 0.00000000e+00 0.00000000e+00 0.00000000e+00 1.00000000e+00 1.46924498e-18
-7.56334991e-01 2.54641286e-02 -6.09026981e-01 0.00000000e+00 0.00000000e+00 0.00000000e+00 1.00000000e+00 6.72968276e-19
1.26598632e-02 -1.34055014e-01 3.59054018e-01 0.00000000e+00 0.00000000e+00 0.00000000e+00 1.00000000e+00 4.34383263e-19
3.88524871e-01 -9.28314497e-01 -5.71815421e-01 0.00000000e+00 0.00000000e+00 0.00000000e+00 1.00000000e+00 7.81845287e-19
1.62233218e-01 9.19549045e-01 -8.01686059e-01 0.00000000e+00 0.00000000e+00 0.00000000e+00 1.00000000e+00 1.01298959e-19
-6.00448697e-01 -7.93994632e-01 -5.86029681e-01 0.00000000e+00 0.00000000e+00 0.00000000e+00 1.00000000e+00 -7.64756684e-20
6.08249052e-01 -9.17841813e-01 -1.54531931e-01 0.00000000e+00 0.00000000e+00 0.00000000e+00 1.00000000e+00 -1.61716528e-19
4.30814259e-01 -5.07866777e-01 -6.47723402e-01 0.00000000e+00 0.00000000e+00 0.00000000e+00 1.00000000e+00 4.50016848e-19
4.77968008e-01 -8.68939132e-01 -7.30615950e-01 0.00000000e+00 0.00000000e+00 0.00000000e+00 1.00000000e+00 -9.56387377e-19
-7.37884497e-01 -8.97643152e-02 7.20563772e-01 0.00000000e+00 0.00000000e+00 0.00000000e+00 1.00000000e+00 1.24347715e-18
-7.52492393e-01 3.21756025e-02 -3.59205593e-01 0.00000000e+00 0.00000000e+00 0.00000000e+00 1.00000000e+00 9.98964730e-19
8.55125102e-01 -3.74860102e-01 -2.78482627e-01 0.00000000e+00 0.00000000e+00 0.00000000e+00 1.00000000e+00 -4.82051333e-19
-2.04843612e-01 -8.98079035e-01 -8.89459181e-01 0.00000000e+00 0.00000000e+00 0.00000000e+00 1.00000000e+00 2.51891957e-19
-3.98102616e-01 -7.76799264e-01 -2.85260753e-01 0.00000000e+00 0.00000000e+00 0.00000000e+00 1.00000000e+00 -1.15027534e-18
-2.28319093e-02 -2.30991244e-01 -4.70385645e-01 0.00000000e+00 0.00000000e+00 0.00000000e+00 1.00000000e+00 1.51356424e-18
3.25728426e-01 -8.78943098e-01 2.20970135e-01 0.00000000e+00 0.00000000e+00 0.00000000e+00 1.00000000e+00 1.29101050e-18
9.11246514e-01 3.96379451e-01 -5.89219405e-01 0.00000000e+00 0.00000000e+00 0.00000000e+00 1.00000000e+00 1.35190865e-18
-4.27107546e-01 -5.85958917e-01 7.76730906e-01 0.00000000e+00 0.00000000e+00 0.00000000e+00 1.00000000e+00 -5.37808887e-19
8.49616859e-01 -3.95856862e-01 8.59333242e-01 0.00000000e+00 0.00000000e+00 0.00000000e+00 1.00000000e+00 -1.06020928e-18
-9.50281017e-01 -2.11748446e-01 -8.00337886e-01 0.00000000e+00 0.00000000e+00 0.00000000e+00 1.00000000e+00 -9.23583810e-19
1.10396085e-01 -1.66780734e-01 -7.85194087e-01 0.00000000e+00 0.00000000e+00 0.00000000e+00 1.00000000e+00 -1.31378038e-18
2.67950223e-01 -9.96678585e-01 -7.69347124e-01 0.00000000e+00 0.00000000e+00 0.00000000e+00 1.00000000e+00 -1.21729974e-18
-7.88205192e-01 -7.75859258e-01 2.39138513e-01 0.00000000e+00 0.00000000e+00 0.00000000e+00 1.00000000e+00 -1.37369172e-18
-7.19320806e-01 7.25529127e-01 -7.56062072e-01 0.00000000e+00 0.00000000e+00 0.00000000e+00 1.00000000e+00 1.56956615e-18
-1.61771361e-01 -9.97533875e-01 7.04764636e-01 0.00000000e+00 0.00000000e+00 0.00000000e+00 1.00000000e+00 -1.36486965e-18
9.32463824e-01 1.63347116e-02 5.08543030e-01 0.00000000e+00 0.00000000e+00 0.00000000e+00 1.00000000e+00 -1.17746498e-18
1.92085106e-01 -2.09959870e-02 6.39617716e-01 0.00000000e+00 0.00000000e+00 0.00000000e+00 1.00000000e+00 1.04863933e-18
8.66046443e-01 -3.33811678e-01 5.21210538e-02 0.00000000e+00 0.00000000e+00 0.00000000e+00 1.00000000e+00 2.57118001e-19
6.08721831e-01 -1.37345960e-01 9.93354423e-01 0.00000000e+00 0.00000000e+00 0.00000000e+00 1.00000000e+00 8.79329666e-19
-6.52367969e-02 5.61162275e-01 -9.11649794e-01 0.00000000e+00 0.00000000e+00 0.00000000e+00 1.00000000e+00 4.19488320e-19
5.69526899e-01 6.82407412e-01 -1.97470072e-01 0.00000000e+00 0.00000000e+00 0.00000000e+00 1.00000000e+00 1.22462394e-18
-9.64326432e-01 -4.79302913e-01 -3.52126662e-01 0.00000000e+00 0.00000000e+00 0.00000000e+00 1.00000000e+00 4.43698875e-19
-7.81712006e-01 -3.55019118e-01 8.97290997e-01 0.00000000e+00 0.00000000e+00 0.00000000e+00 1.00000000e+00 7.08966137e-20
6.58857230e-01 -5.15034294e-01 1.53721917e-01 0.00000000e+00 0.00000000e+00 0.00000000e+00 1.00000000e+00 6.81725176e-19
5.93634177e-01 -4.02731989e-02 6.12381931e-01 0.00000000e+00 0.00000000e+00 0.00000000e+00 1.00000000e+00 -1.68572208e-19
-5.34718516e-01 3.66516715e-01 -6.59317613e-01 0.00000000e+00 0.00000000e+00 0.00000000e+00 1.00000000e+00 -4.93265892e-19
6.15391812e-02 -5.43494249e-01 9.57268288e-01 0.00000000e+00 0.00000000e+00 0.00000000e+00 1.00000000e+00 -1.03652970e-19
2.12031641e-01 -3.38528516e-01 -2.72090625e-03 0.00000000e+00 0.00000000e+00 0.00000000e+00 1.00000000e+00 -1.05835269e-18
7.35477908e-01 8.60769235e-01 -1.26558475e-02 0.00000000e+00 0.00000000e+00 0.00000000e+00 1.00000000e+00 9.50320592e-19
2.06214315e-01 -9.02861420e-01 9.41769457e-01 0.00000000e+00 0.00000000e+00 0.00000000e+00 1.00000000e+00 -7.66789620e-19
-1.74856861e-01 -7.84607895e-02 -2.38535278e-01 0.00000000e+00 0.00000000e+00 0.00000000e+00 1.00000000e+00 -1.11020732e-18
-2.51631913e-01 4.23116083e-01 -2.04949951e-01 0.00000000e+00 0.00000000e+00 0.00000000e+00 1.00000000e+00 -8.12777023e-19
-1.48235827e-01 -6.99091977e-01 1.69505406e-01 0.00000000e+00 0.00000000e+00 0.00000000e+00 1.00000000e+00 1.09611361e-18
3.03862051e-01 -9.05251960e-01 -7.43894779e-01 0.00000000e+00 0.00000000e+00 0.00000000e+00 1.00000000e+00 -5.44095033e-19
7.34981264e-01 -7.23589257e-01 -3.57828747e-01 0.00000000e+00 0.00000000e+00 0.00000000e+00 1.00000000e+00 5.96169507e-19
-9.22062358e-02 8.37646387e-01 -6.13583355e-01 0.00000000e+00 0.00000000e+00 0.00000000e+00 1.00000000e+00 1.14206236e-18
-5.04320874e-01 -9.81480436e-01 -7.93433042e-01 0.00000000e+00 0.00000000e+00 0.00000000e+00 1.00000000e+00 -1.35305526e-18
-5.26675274e-01 -6.23356050e-01 7.32289213e-01 0.00000000e+00 0.00000000e+00 0.00000000e+00 1.00000000e+00 8.49231819e-19
4.92028560e-01 -9.37432974e-01 1.78662332e-01 0.00000000e+00 0.00000000e+00 0.00000000e+00 1.00000000e+00 -6.16307791e-19
6.33137527e-01 -7.78741065e-01 -2.82654417e-01 0.00000000e+00 0.00000000e+00 0.00000000e+00 1.00000000e+00 -9.08042053e-19
-7.89443840e-01 2.40298573e-01 -1.82661245e-01 0.00000000e+00 0.00000000e+00 0.00000000e+00 1.00000000e+00 6.05306986e-19
-8.66882286e-01 -5.16722183e-01 -1.36961993e-01 0.00000000e+00 0.00000000e+00 0.00000000e+00 1.00000000e+00 1.31313315e-18
1.88867328e-01 1.38424101e-01 2.66298364e-01 0.00000000e+00 0.00000000e+00 0.00000000e+00 1.00000000e+00 -6.56830868e-19
-7.07653512e-01 1.80390766e-01 8.53538783e-01 0.00000000e+00 0.00000000e+00 0.00000000e+00 1.00000000e+00 2.20567829e-19
6.49328381e-01 6.98870666e-01 8.65559239e-01 0.00000000e+00 0.00000000e+00 0.00000000e+00 1.00000000e+00 -6.73445744e-19
-3.79330652e-01 -9.90517214e-01 -2.17016041e-01 0.00000000e+00 0.00000000e+00 0.00000000e+00 1.00000000e+00 1.73950194e-19
-7.12256134e-01 7.06738919e-01 -3.41475081e-01 0.00000000e+00 0.00000000e+00 0.00000000e+00 1.00000000e+00 3.90488996e-19
8.41940945e-01 2.38238173e-01 -9.79069996e-02 0.00000000e+00 0.00000000e+00 0.00000000e+00 1.00000000e+00 3.53553564e-19
-6.68936555e-01 -6.74513028e-01 1.35868461e-01 0.00000000e+00 0.00000000e+00 0.00000000e+00 1.00000000e+00 3.95886213e-19
-4.30559835e-01 5.45874776e-01 -7.63641771e-02 0.00000000e+00 0.00000000e+00 0.00000000e+00 1.00000000e+00 -1.16933326e-18
-6.92773210e-01 7.10983084e-01 3.17506820e-01 0.00000000e+00 0.00000000e+00 0.00000000e+00 1.00000000e+00 6.20172036e-19
-7.69019873e-01 -4.91473032e-01 1.08798047e-01 0.00000000e+00 0.00000000e+00 0.00000000e+00 1.00000000e+00 5.59961876e-19
-9.57703967e-01 8.37587362e-01 -3.58568907e-01 0.00000000e+00 0.00000000e+00 0.00000000e+00 1.00000000e+00 5.85076846e-19
-8.89209182e-01 -9.10851394e-02 -3.08538388e-01 0.00000000e+00 0.00000000e+00 0.00000000e+00 1.00000000e+00 -1.36482842e-18
-6.50717058e-01 2.06848909e-01 -2.42814425e-01 0.00000000e+00 0.00000000e+00 0.00000000e+00 1.00000000e+00 -1.70347129e-19
-8.93236135e-01 9.69299067e-01 -8.10720464e-01 0.00000000e+00 0.00000000e+00 0.00000000e+00 1.00000000e+00 -2.91483572e-19
1.82287632e-01 -2.76927843e-01 -6.67874735e-01 0.00000000e+00 0.00000000e+00 0.00000000e+00 1.00000000e+00 -1.32432241e-18
3.61429054e-01 6.26318692e-01 4.46227604e-01 0.00000000e+00 0.00000000e+00 0.00000000e+00 1.00000000e+00 -8.89631238e-19
-2.12739086e-01 -3.63201764e-01 -2.21806577e-01 0.00000000e+00 0.00000000e+00 0.00000000e+00 1.00000000e+00 -1.89176584e-19
-3.64017806e-01 5.98427044e-01 -5.70922055e-01 0.00000000e+00 0.00000000e+00 0.00000000e+00 1.00000000e+00 7.78357628e-19
9.05247404e-03 2.01467838e-01 1.25344821e-01 0.00000000e+00 0.00000000e+00 0.00000000e+00 1.00000000e+00 -8.42545993e-19
7.50009884e-01 -5.67288610e-01 5.11079085e-01 0.00000000e+00 0.00000000e+00 0.00000000e+00 1.00000000e+00 1.05663520e-18
7.02263254e-01 -1.71947812e-01 -4.85155275e-01 0.00000000e+00 0.00000000e+00 0.00000000e+00 1.00000000e+00 1.46753887e-19
-9.13049876e-01 -3.64728731e-01 6.53579764e-01 0.00000000e+00 0.00000000e+00 0.00000000e+00 1.00000000e+00 8.34483078e-19
-6.37003181e-01 -8.43783214e-01 8.55009719e-01 0.00000000e+00 0.00000000e+00 0.00000000e+00 1.00000000e+00 -8.79403245e-20
-5.26510258e-01 -9.40330460e-01 1.94789058e-01 0.00000000e+00 0.00000000e+00 0.00000000e+00 1.00000000e+00 -2.58198640e-21
-5.01224848e-01 -3.07042689e-01 3.37895318e-01 0.00000000e+00 0.00000000e+00 0.00000000e+00 1.00000000e+00 3.83623217e-19
1.42465303e-01 -9.61931704e-01 -8.94848019e-01 0.00000000e+00 0.00000000e+00 0.00000000e+00 1.00000000e+00 1.37136902e-18
-1.67475149e-01 -6.69024485e-01 8.91039782e-01 0.00000000e+00 0.00000000e+00 0.00000000e+00 1.00000000e+00 -2.62353815e-20
-9.01491760e-01 4.50366642e-01 -2.15030531e-01 0.00000000e+00 0.00000000e+00 0.00000000e+00 1.00000000e+00 9.18288759e-20
-2.52771723e-01 4.16182471e-01 8.47800801e-01 0.00000000e+00 0.00000000e+00 0.00000000e+00 1.00000000e+00 3.26834303e-19
4.75058974e-02 4.77160773e-01 1.57955050e-01 0.00000000e+00 0.00000000e+00 0.00000000e+00 1.00000000e+00 7.61082406e-19
-7.96656194e-01 -3.65693658e-01 -9.90762402e-01 0.00000000e+00 0.00000000e+00 0.00000000e+00 1.00000000e+00 -1.37194278e-18
6.66917108e-01 7.80038914e-01 -9.22916001e-01 0.00000000e+00 0.00000000e+00 0.00000000e+00 1.00000000e+00 5.02680949e-20
-8.96076267e-01 1.87661096e-01 3.60837611e-01 0.00000000e+00 0.00000000e+00 0.00000000e+00 1.00000000e+00 -5.89870513e-20
8.49683738e-01 -7.47947317e-01 1.25336028e-01 0.00000000e+00 0.00000000e+00 0.00000000e+00 1.00000000e+00 1.35122766e-18
-8.01773717e-01 -7.12562677e-01 -9.46935126e-01 0.00000000e+00 0.00000000e+00 0.00000000e+00 1.00000000e+00 -2.08072102e-20
6.87149903e-01 3.86190854e-01 4.86919922e-01 0.00000000e+00 0.00000000e+00 0.00000000e+00 1.00000000e+00 -1.01512198e-19
8.05306288e-01 -6.54112127e-01 7.04290674e-01 0.00000000e+00 0.00000000e+00 0.00000000e+00 1.00000000e+00 1.48105204e-18
9.59141361e-01 1.45854032e-02 -7.16503512e-03 0.00000000e+00 0.00000000e+00 0.00000000e+00 1.00000000e+00 -1.58370470e-19
6.04051761e-01 9.83548952e-01 -6.84851193e-02 0.00000000e+00 0.00000000e+00 0.00000000e+00 1.00000000e+00 -1.02255902e-18
5.58955082e-01 -9.91984791e-01 -9.89053782e-01 0.00000000e+00 0.00000000e+00 0.00000000e+00 1.00000000e+00 -9.07100747e-19
2.84966552e-01 -9.66840396e-01 5.73299425e-01 0.00000000e+00 0.00000000e+00 0.00000000e+00 1.00000000e+00 -1.29716213e-18
5.57992709e-01 9.86169164e-01 -3.38567867e-01 0.00000000e+00 0.00000000e+00 0.00000000e+00 1.00000000e+00 -1.60035615e-18
-7.30895583e-01 1.69277668e-01 7.57527240e-01 0.00000000e+00 0.00000000e+00 0.00000000e+00 1.00000000e+00 -2.18070144e-19
7.21360719e-02 -7.46180049e-01 -2.53878825e-01 0.00000000e+00 0.00000000e+00 0.00000000e+00 1.00000000e+00 8.62748345e-19
2.84457404e-02 7.94604400e-01 1.30155821e-01 0.00000000e+00 0.00000000e+00 0.00000000e+00 1.00000000e+00 7.48108959e-19
7.15144288e-01 7.60760600e-01 -4.59316424e-01 0.00000000e+00 0.00000000e+00 0.00000000e+00 1.00000000e+00 -1.49915960e-18
-7.44012688e-02 7.24008262e-02 -6.78823375e-01 0.00000000e+00 0.00000000e+00 0.00000000e+00 1.00000000e+00 2.24249946e-19
-2.29821008e-01 2.43584060e-01 5.49815807e-01 0.00000000e+00 0.00000000e+00 0.00000000e+00 1.00000000e+00 -1.10779900e-18
2.79126542e-01 -4.53625617e-01 -6.81904231e-03 0.00000000e+00 0.00000000e+00 0.00000000e+00 1.00000000e+00 1.41336423e-18
-4.67073365e-01 -8.98960607e-01 7.29758475e-02 0.00000000e+00 0.00000000e+00 0.00000000e+00 1.00000000e+00 -1.06588005e-18
-7.20463178e-01 1.89135218e-01 9.30831907e-01 0.00000000e+00 0.00000000e+00 0.00000000e+00 1.00000000e+00 4.05796791e-19
-4.42454520e-02 -4.10489614e-01 9.27159824e-01 0.00000000e+00 0.00000000e+00 0.00000000e+00 1.00000000e+00 -5.56793672e-19
-1.66221263e-01 3.27242093e-01 7.11284243e-01 0.00000000e+00 0.00000000e+00 0.00000000e+00 1.00000000e+00 4.53612497e-19
-5.34860119e-01 6.72490354e-01 -6.24781414e-01 0.00000000e+00 0.00000000e+00 0.00000000e+00 1.00000000e+00 -2.81154453e-19
-2.64976380e-01 -9.63678912e-01 1.88545389e-01 0.00000000e+00 0.00000000e+00 0.00000000e+00 1.00000000e+00 8.31988063e-19
-2.67215100e-01 1.91427549e-01 7.56294849e-01 0.00000000e+00 0.00000000e+00 0.00000000e+00 1.00000000e+00 -8.62999225e-19
-3.45008871e-01 -5.37438921e-01 -2.51072127e-01 0.00000000e+00 0.00000000e+00 0.00000000e+00 1.00000000e+00 1.30030045e-18
-2.41071841e-01 7.47776996e-01 -7.97787668e-01 0.00000000e+00 0.00000000e+00 0.00000000e+00 1.00000000e+00 6.71790462e-22
3.71486691e-01 -4.92670987e-01 6.21925804e-01 0.00000000e+00 0.00000000e+00 0.00000000e+00 1.00000000e+00 8.20612915e-19
-4.06247051e-01 2.21540266e-01 -3.64728973e-02 0.00000000e+00 0.00000000e+00 0.00000000e+00 1.00000000e+00 1.12065908e-18
8.97715853e-01 1.07081680e-01 1.28785361e-01 0.00000000e+00 0.00000000e+00 0.00000000e+00 1.00000000e+00 1.59842309e-18
8.32696039e-01 -2.07667000e-01 9.64288593e-01 0.00000000e+00 0.00000000e+00 0.00000000e+00 1.00000000e+00 -8.84575609e-19
-3.81791434e-02 3.55241527e-01 2.14422861e-01 0.00000000e+00 0.00000000e+00 0.00000000e+00 1.00000000e+00 -6.82871991e-19
-3.43277590e-01 4.51539269e-01 -1.50041229e-01 0.00000000e+00 0.00000000e+00 0.00000000e+00 1.00000000e+00 -7.99700554e-19
7.08695797e-02 1.33875591e-01 -2.60031264e-01 0.00000000e+00 0.00000000e+00 0.00000000e+00 1.00000000e+00 -7.59844022e-19
6.97120978e-01 5.16844474e-01 -1.64761415e-01 0.00000000e+00 0.00000000e+00 0.00000000e+00 1.00000000e+00 2.64182077e-19
3.05174681e-01 9.66834152e-01 -7.63201834e-01 0.00000000e+00 0.00000000e+00 0.00000000e+00 1.00000000e+00 1.58142051e-18
6.08783656e-01 -1.61455224e-01 5.89501117e-01 0.00000000e+00 0.00000000e+00 0.00000000e+00 1.00000000e+00 1.57102419e-18
6.54445521e-02 2.91661038e-02 6.75433716e-01 0.00000000e+00 0.00000000e+00 0.00000000e+00 1.00000000e+00 8.57908914e-20
2.65835259e-01 -9.75060244e-01 -4.31205731e-01 0.00000000e+00 0.00000000e+00 0.00000000e+00 1.00000000e+00 4.45492296e-19
-4.23688772e-01 5.92057113e-01 -3.92406763e-01 0.00000000e+00 0.00000000e+00 0.00000000e+00 1.00000000e+00 1.15347279e-18
4.69786325e-01 4.04601341e-02 7.48668513e-01 0.00000000e+00 0.00000000e+00 0.00000000e+00 1.00000000e+00 1.38727174e-18
-5.95190814e-01 -1.84077139e-01 -9.52059289e-01 0.00000000e+00 0.00000000e+00 0.00000000e+00 1.00000000e+00 -9.48935167e-19
3.89596258e-01 -8.11856074e-01 4.09148875e-02 0.00000000e+00 0.00000000e+00 0.00000000e+00 1.00000000e+00 9.14577824e-20
7.21438137e-01 7.79312843e-01 -7.26485706e-02 0.00000000e+00 0.00000000e+00 0.00000000e+00 1.00000000e+00 1.06652750e-18
-7.35794325e-01 -2.09985520e-01 3.80253539e-01 0.00000000e+00 0.00000000e+00 0.00000000e+00 1.00000000e+00 -6.30610069e-19
2.28759481e-01 3.65163196e-01 -6.73216600e-01 0.00000000e+00 0.00000000e+00 0.00000000e+00 1.00000000e+00 -1.92873091e-19
-8.09808504e-01 -7.01251687e-01 3.36661482e-01 0.00000000e+00 0.00000000e+00 0.00000000e+00 1.00000000e+00 1.55610156e-18
4.51431257e-01 9.23099259e-01 -2.46531984e-01 0.00000000e+00 0.00000000e+00 0.00000000e+00 1.00000000e+00 1.55426097e-18
-8.31013562e-01 -6.43116476e-01 2.37429556e-01 0.00000000e+00 0.00000000e+00 0.00000000e+00 1.00000000e+00 1.30130969e-18
8.71879645e-01 -6.00916014e-01 -9.19809980e-01 0.00000000e+00 0.00000000e+00 0.00000000e+00 1.00000000e+00 9.56333929e-19
-7.25184140e-01 7.17965721e-01 -7.65456056e-02 0.00000000e+00 0.00000000e+00 0.00000000e+00 1.00000000e+00 -7.39787434e-19
9.17760492e-01 8.25165488e-01 4.45017880e-02 0.00000000e+00 0.00000000e+00 0.00000000e+00 1.00000000e+00 -5.74059651e-19
6.01768352e-01 -5.75705185e-01 -5.71347194e-01 0.00000000e+00 0.00000000e+00 0.00000000e+00 1.00000000e+00 1.51510927e-19
1.87364009e-01 -6.03982237e-02 -7.20752692e-01 0.00000000e+00 0.00000000e+00 0.00000000e+00 1.00000000e+00 1.94752179e-19
5.65248209e-01 4.66989809e-01 -6.23051394e-01 0.00000000e+00 0.00000000e+00 0.00000000e+00 1.00000000e+00 1.76329772e-20
5.90229678e-01 7.56731468e-01 -3.11717844e-01 0.00000000e+00 0.00000000e+00 0.00000000e+00 1.00000000e+00 4.37939858e-19
8.92054126e-01 -2.41894610e-01 -8.06379701e-01 0.00000000e+00 0.00000000e+00 0.00000000e+00 1.00000000e+00 -2.93765422e-19
-4.93233292e-01 3.40389737e-02 8.94639591e-01 0.00000000e+00 0.00000000e+00 0.00000000e+00 1.00000000e+00 7.98442025e-19
1.80151791e-01 4.83432821e-01 -1.90011877e-01 0.00000000e+00 0.00000000e+00 0.00000000e+00 1.00000000e+00 -5.33364837e-19
-8.09901605e-01 4.62271953e-01 6.17939205e-01 0.00000000e+00 0.00000000e+00 0.00000000e+00 1.00000000e+00 -5.42570718e-19
2.32331400e-01 5.65920260e-01 9.48834246e-01 0.00000000e+00 0.00000000e+00 0.00000000e+00 1.00000000e+00 -1.19449971e-18
-6.57417392e-01 1.39867637e-01 -8.38529440e-01 0.00000000e+00 0.00000000e+00 0.00000000e+00 1.00000000e+00 -9.97476047e-19
1.29901223e-01 -7.90769806e-01 3.03338936e-01 0.00000000e+00 0.00000000e+00 0.00000000e+00 1.00000000e+00 1.12319272e-18
1.44861028e-01 8.07946582e-01 7.42818173e-01 0.00000000e+00 0.00000000e+00 0.00000000e+00 1.00000000e+00 -1.72130364e-19
-6.80296940e-02 7.31145079e-01 2.68468868e-01 0.00000000e+00 0.00000000e+00 0.00000000e+00 1.00000000e+00 -8.72007747e-19
4.52635510e-02 5.96194872e-01 -1.41947757e-01 0.00000000e+00 0.00000000e+00 0.00000000e+00 1.00000000e+00 8.31020501e-19
5.27846780e-01 -8.00275046e-01 -1.37847285e-01 0.00000000e+00 0.00000000e+00 0.00000000e+00 1.00000000e+00 1.72974597e-19
5.98489433e-01 -5.91205266e-01 -9.28202228e-01 0.00000000e+00 0.00000000e+00 0.00000000e+00 1.00000000e+00 -1.53438530e-18
-1.56935688e-02 4.87200730e-01 6.92015026e-02 0.00000000e+00 0.00000000e+00 0.00000000e+00 1.00000000e+00 -5.88442764e-19
1.99186883e-01 -9.53719811e-01 9.87085994e-01 0.00000000e+00 0.00000000e+00 0.00000000e+00 1.00000000e+00 -1.03500158e-18
8.62472471e-01 9.58449267e-01 9.17415052e-01 0.00000000e+00 0.00000000e+00 0.00000000e+00 1.00000000e+00 4.99471711e-19
-7.60532823e-01 -2.45710639e-01 -9.19201542e-01 0.00000000e+00 0.00000000e+00 0.00000000e+00 1.00000000e+00 -7.20880020e-19
-7.65792868e-01 4.38625067e-01 4.11594007e-01 0.00000000e+00 0.00000000e+00 0.00000000e+00 1.00000000e+00 -1.39406421e-18
-8.24581976e-01 7.75142177e-01 -3.96470267e-01 0.00000000e+00 0.00000000e+00 0.00000000e+00 1.00000000e+00 -1.42614552e-18
3.15726570e-01 -2.10740224e-01 8.05978307e-01 0.00000000e+00 0.00000000e+00 0.00000000e+00 1.00000000e+00 2.61883134e-19
-1.62783398e-01 -3.61735023e-01 -9.09770509e-01 0.00000000e+00 0.00000000e+00 0.00000000e+00 1.00000000e+00 -1.53256701e-18
5.48642832e-01 2.17482258e-01 8.71748204e-01 0.00000000e+00 0.00000000e+00 0.00000000e+00 1.00000000e+00 1.11765315e-18
3.42462827e-01 1.61978747e-01 6.74951488e-01 0.00000000e+00 0.00000000e+00 0.00000000e+00 1.00000000e+00 -1.10422937e-18
-3.32724483e-01 -1.81720045e-01 -7.64991235e-01 0.00000000e+00 0.00000000e+00 0.00000000e+00 1.00000000e+00 3.41476184e-19
7.96733095e-01 2.03549512e-01 -8.80351325e-01 0.00000000e+00 0.00000000e+00 0.00000000e+00 1.00000000e+00 -1.77239098e-19
5.25064294e-01 8.70762739e-01 6.69415329e-01 0.00000000e+00 0.00000000e+00 0.00000000e+00 1.00000000e+00 -1.83123915e-19
-4.58930118e-01 -6.47194867e-02 -6.88484658e-01 0.00000000e+00 0.00000000e+00 0.00000000e+00 1.00000000e+00 -1.37211323e-18
-2.71615964e-01 -6.06515638e-01 6.97963060e-02 0.00000000e+00 0.00000000e+00 0.00000000e+00 1.00000000e+00 9.70125162e-19
-3.71120040e-01 -2.45588034e-01 8.31489716e-01 0.00000000e+00 0.00000000e+00 0.00000000e+00 1.00000000e+00 1.25947901e-18
-6.84776703e-01 -2.11786035e-01 1.34896227e-01 0.00000000e+00 0.00000000e+00 0.00000000e+00 1.00000000e+00 -1.56687534e-18
-7.04433255e-01 -7.37782614e-01 -2.05533397e-01 0.00000000e+00 0.00000000e+00 0.00000000e+00 1.00000000e+00 -1.02986576e-18
8.72254927e-01 -6.74256999e-01 -1.09967890e-01 0.00000000e+00 0.00000000e+00 0.00000000e+00 1.00000000e+00 1.29425171e-18
-1.24191926e-01 3.69124147e-01 -8.73765659e-01 0.00000000e+00 0.00000000e+00 0.00000000e+00 1.00000000e+00 1.58595020e-19
-2.33360354e-01 -3.21044492e-01 9.37504643e-01 0.00000000e+00 0.00000000e+00 0.00000000e+00 1.00000000e+00 -1.12139682e-18
4.59371417e-01 9.09796784e-01 -3.78691630e-01 0.00000000e+00 0.00000000e+00 0.00000000e+00 1.00000000e+00 -9.52364384e-19
1.05986131e-01 -5.12806509e-01 -6.21273017e-01 0.00000000e+00 0.00000000e+00 0.00000000e+00 1.00000000e+00 5.12652445e-19
8.72279974e-01 -8.02150990e-01 -4.27905396e-01 0.00000000e+00 0.00000000e+00 0.00000000e+00 1.00000000e+00 7.20392519e-19
5.60602988e-01 5.07009126e-01 9.28746390e-01 0.00000000e+00 0.00000000e+00 0.00000000e+00 1.00000000e+00 3.18598619e-19
-4.12608718e-02 7.62072104e-01 -8.11427893e-01 0.00000000e+00 0.00000000e+00 0.00000000e+00 1.00000000e+00 1.45204749e-18
-2.47281053e-01 -4.43773286e-01 7.34606081e-01 0.00000000e+00 0.00000000e+00 0.00000000e+00 1.00000000e+00 -1.90223110e-20
9.73263090e-01 -5.95823797e-01 4.15687789e-01 0.00000000e+00 0.00000000e+00 0.00000000e+00 1.00000000e+00 -6.39999351e-19
4.35520472e-01 -6.28467730e-01 6.60038358e-01 0.00000000e+00 0.00000000e+00 0.00000000e+00 1.00000000e+00 -7.29537993e-20
9.02389320e-01 4.40246027e-02 9.51795081e-01 0.00000000e+00 0.00000000e+00 0.00000000e+00 1.00000000e+00 -4.49678770e-19
-7.63042846e-01 -6.31667175e-02 6.84309311e-01 0.00000000e+00 0.00000000e+00 0.00000000e+00 1.00000000e+00 -8.83068835e-19
7.01067358e-01 -4.81120320e-01 8.86764703e-01 0.00000000e+00 0.00000000e+00 0.00000000e+00 1.00000000e+00 -1.45489415e-18
2.74147768e-01 -9.09653766e-01 -7.46129486e-01 0.00000000e+00 0.00000000e+00 0.00000000e+00 1.00000000e+00 -4.73563379e-19
-7.56156643e-01 -3.70173193e-02 5.91577130e-01 0.00000000e+00 0.00000000e+00 0.00000000e+00 1.00000000e+00 6.77430234e-19
1.76516000e-01 9.18664695e-01 9.13513882e-02 0.00000000e+00 0.00000000e+00 0.00000000e+00 1.00000000e+00 -1.54309540e-18
3.72192730e-01 3.05038402e-01 8.69911902e-02 0.00000000e+00 0.00000000e+00 0.00000000e+00 1.00000000e+00 -1.94893530e-19
-9.75394628e-01 -8.98688674e-03 7.97843153e-01 0.00000000e+00 0.00000000e+00 0.00000000e+00 1.00000000e+00 4.61456996e-19
-9.13640763e-02 -7.78615852e-01 9.43607637e-01 0.00000000e+00 0.00000000e+00 0.00000000e+00 1.00000000e+00 3.53773768e-19
6.50799022e-01 -4.95127419e-01 4.09676646e-01 0.00000000e+00 0.00000000e+00 0.00000000e+00 1.00000000e+00 8.86479320e-19
-4.09281949e-01 -4.10452101e-01 -3.41232211e-02 0.00000000e+00 0.00000000e+00 0.00000000e+00 1.00000000e+00 9.95014866e-19
-8.29038364e-02 5.29607105e-01 -8.71922842e-02 0.00000000e+00 0.00000000e+00 0.00000000e+00 1.00000000e+00 6.78380239e-19
-1.15371746e-01 7.53421595e-01 -2.27317086e-01 0.00000000e+00 0.00000000e+00 0.00000000e+00 1.00000000e+00 -1.27277650e-18
-3.96145217e-01 8.03283707e-01 -2.76801941e-01 0.00000000e+00 0.00000000e+00 0.00000000e+00 1.00000000e+00 -8.00369132e-20
8.36883791e-01 9.69137217e-01 -2.16986317e-01 0.00000000e+00 0.00000000e+00 0.00000000e+00 1.00000000e+00 3.31349218e-19
5.62588071e-01 9.64733366e-01 -8.20493529e-01 0.00000000e+00 0.00000000e+00 0.00000000e+00 1.00000000e+00 -8.15296295e-19
-7.78823178e-01 9.05998266e-01 -8.45127829e-01 0.00000000e+00 0.00000000e+00 0.00000000e+00 1.00000000e+00 -1.46582558e-18
9.94069316e-01 -8.56355719e-01 5.59739688e-01 0.00000000e+00 0.00000000e+00 0.00000000e+00 1.00000000e+00 -8.85714259e-19
7.58400049e-01 -7.24412928e-01 -1.07854214e-01 0.00000000e+00 0.00000000e+00 0.00000000e+00 1.00000000e+00 -1.44534271e-19
-4.32183124e-01 -3.91066947e-01 8.61368977e-01 0.00000000e+00 0.00000000e+00 0.00000000e+00 1.00000000e+00 -2.75797663e-19
6.73793159e-01 1.05796508e-01 2.24442017e-01 0.00000000e+00 0.00000000e+00 0.00000000e+00 1.00000000e+00 -1.03607322e-18
-7.87160936e-01 -8.06044223e-01 -9.29648036e-01 0.00000000e+00 0.00000000e+00 0.00000000e+00 1.00000000e+00 1.03954200e-18
9.98209461e-01 6.91593916e-01 -6.84953317e-01 0.00000000e+00 0.00000000e+00 0.00000000e+00 1.00000000e+00 1.36405047e-18
3.31369472e-01 2.33512358e-01 -5.88360414e-01 0.00000000e+00 0.00000000e+00 0.00000000e+00 1.00000000e+00 -9.56985490e-19
3.00250031e-01 8.47288046e-02 9.51472049e-01 0.00000000e+00 0.00000000e+00 0.00000000e+00 1.00000000e+00 1.37650338e-18
-8.19118546e-01 -6.69377353e-01 -5.62591548e-01 0.00000000e+00 0.00000000e+00 0.00000000e+00 1.00000000e+00 -1.54494381e-18
7.94066798e-01 -4.93489051e-01 3.15113526e-02 0.00000000e+00 0.00000000e+00 0.00000000e+00 1.00000000e+00 1.36172989e-18
-9.42000994e-01 -6.79375950e-01 8.72353863e-01 0.00000000e+00 0.00000000e+00 0.00000000e+00 1.00000000e+00 1.44813950e-18
-5.18343884e-01 7.03866316e-01 9.54385460e-01 0.00000000e+00 0.00000000e+00 0.00000000e+00 1.00000000e+00 -1.56355821e-18
-7.13956250e-01 1.68455720e-01 -5.27279129e-01 0.00000000e+00 0.00000000e+00 0.00000000e+00 1.00000000e+00 8.42806743e-19
5.53535881e-01 4.70258855e-01 -9.01764712e-01 0.00000000e+00 0.00000000e+00 0.00000000e+00 1.00000000e+00 1.50669195e-18
-6.03591546e-01 -4.07934274e-01 -6.92796335e-01 0.00000000e+00 0.00000000e+00 0.00000000e+00 1.00000000e+00 1.30065410e-18
8.21276454e-01 -2.57494726e-01 -8.73343043e-01 0.00000000e+00 0.00000000e+00 0.00000000e+00 1.00000000e+00 1.50832164e-18
3.12538079e-01 -1.90290071e-01 -6.09751518e-01 0.00000000e+00 0.00000000e+00 0.00000000e+00 1.00000000e+00 1.61254290e-19
-9.27674579e-01 5.20029943e-01 1.37139429e-01 0.00000000e+00 0.00000000e+00 0.00000000e+00 1.00000000e+00 -1.35173675e-18
-9.89140332e-01 5.44705975e-01 8.24897593e-01 0.00000000e+00 0.00000000e+00 0.00000000e+00 1.00000000e+00 1.12084816e-18
-8.96684166e-01 -5.86372945e-01 7.44377674e-02 0.00000000e+00 0.00000000e+00 0.00000000e+00 1.00000000e+00 3.64745943e-19
2.11850355e-01 8.83077713e-01 2.51979113e-01 0.00000000e+00 0.00000000e+00 0.00000000e+00 1.00000000e+00 3.67657061e-19
6.02963622e-01 -7.58689325e-01 -5.96265497e-01 0.00000000e+00 0.00000000e+00 0.00000000e+00 1.00000000e+00 -2.65148666e-19
-5.22894359e-01 7.92244165e-01 6.01167241e-01 0.00000000e+00 0.00000000e+00 0.00000000e+00 1.00000000e+00 2.30207072e-19
6.98817686e-01 -7.99208709e-01 2.35577817e-01 0.00000000e+00 0.00000000e+00 0.00000000e+00 1.00000000e+00 -1.11005277e-18
-8.85536120e-01 -4.70920378e-01 7.28273658e-01 0.00000000e+00 0.00000000e+00 0.00000000e+00 1.00000000e+00 7.68307868e-19
6.01927707e-01 6.92957072e-01 8.97686214e-01 0.00000000e+00 0.00000000e+00 0.00000000e+00 1.00000000e+00 -1.36179468e-18
8.55590860e-01 -6.41015855e-01 -3.04198448e-01 0.00000000e+00 0.00000000e+00 0.00000000e+00 1.00000000e+00 7.36298752e-19
5.44216798e-01 -1.72864137e-01 -8.18841883e-01 0.00000000e+00 0.00000000e+00 0.00000000e+00 1.00000000e+00 1.11825015e-18
3.96241568e-01 -1.00281400e-01 -5.48142084e-01 0.00000000e+00 0.00000000e+00 0.00000000e+00 1.00000000e+00 -8.82200830e-20
6.75960437e-01 -5.09482054e-01 -1.24316869e-01 0.00000000e+00 0.00000000e+00 0.00000000e+00 1.00000000e+00 3.14999656e-20
-9.19697401e-01 4.20490403e-01 8.91387304e-01 0.00000000e+00 0.00000000e+00 0.00000000e+00 1.00000000e+00 -6.01731808e-19
-5.96435779e-01 7.02669299e-01 -2.43380355e-01 0.00000000e+00 0.00000000e+00 0.00000000e+00 1.00000000e+00 1.50431115e-18
-7.50152641e-01 7.49150280e-01 5.41546427e-01 0.00000000e+00 0.00000000e+00 0.00000000e+00 1.00000000e+00 7.47013172e-19
9.06198039e-03 -3.21355709e-01 8.09533843e-02 0.00000000e+00 0.00000000e+00 0.00000000e+00 1.00000000e+00 -4.19806957e-19
4.90376257e-01 6.17007886e-02 -6.34382459e-01 0.00000000e+00 0.00000000e+00 0.00000000e+00 1.00000000e+00 -1.04203201e-18
2.60023689e-01 -5.03187192e-01 -3.58531762e-01 0.00000000e+00 0.00000000e+00 0.00000000e+00 1.00000000e+00 -8.98566050e-19
7.02262200e-01 -5.10406997e-01 3.06383770e-01 0.00000000e+00 0.00000000e+00 0.00000000e+00 1.00000000e+00 -1.15605740e-19
-6.89574015e-01 -6.77491874e-01 3.45706789e-01 0.00000000e+00 0.00000000e+00 0.00000000e+00 1.00000000e+00 1.41814550e-18
4.69242184e-01 8.80038022e-01 -1.30480506e-01 0.00000000e+00 0.00000000e+00 0.00000000e+00 1.00000000e+00 7.50287608e-19
-6.13917018e-01 7.75977657e-01 -5.42708795e-01 0.00000000e+00 0.00000000e+00 0.00000000e+00 1.00000000e+00 -9.12459626e-19
-4.58482497e-01 5.54717427e-01 4.43813559e-01 0.00000000e+00 0.00000000e+00 0.00000000e+00 1.00000000e+00 1.15216089e-18
4.19809395e-01 3.53230426e-02 -6.62253917e-01 0.00000000e+00 0.00000000e+00 0.00000000e+00 1.00000000e+00 -3.90288552e-19
9.60409570e-01 -1.87841690e-02 8.73339384e-01 0.00000000e+00 0.00000000e+00 0.00000000e+00 1.00000000e+00 1.12704213e-18
2.23087212e-01 5.94913324e-02 -6.24192842e-01 0.00000000e+00 0.00000000e+00 0.00000000e+00 1.00000000e+00 -8.27685737e-19
-8.90999370e-01 7.31360272e-02 -7.85375274e-01 0.00000000e+00 0.00000000e+00 0.00000000e+00 1.00000000e+00 3.80230520e-19
2.32617940e-01 -1.30873831e-01 -4.70459527e-03 0.00000000e+00 0.00000000e+00 0.00000000e+00 1.00000000e+00 1.36720297e-18
-9.15298897e-01 -7.36490334e-01 3.90991962e-02 0.00000000e+00 0.00000000e+00 0.00000000e+00 1.00000000e+00 -7.75793123e-19
7.68291423e-01 -7.48672294e-01 1.63858296e-02 0.00000000e+00 0.00000000e+00 0.00000000e+00 1.00000000e+00 6.18204951e-19
4.19156570e-01 9.04499432e-01 -1.26665021e-01 0.00000000e+00 0.00000000e+00 0.00000000e+00 1.00000000e+00 1.56152179e-18
-6.53744307e-01 -3.59384808e-02 9.89629786e-01 0.00000000e+00 0.00000000e+00 0.00000000e+00 1.00000000e+00 -1.11960652e-18
-8.16557988e-01 9.06411050e-01 -2.74387747e-02 0.00000000e+00 0.00000000e+00 0.00000000e+00 1.00000000e+00 -1.31890446e-18
-6.32933542e-01 -6.72846245e-01 -4.41068385e-02 0.00000000e+00 0.00000000e+00 0.00000000e+00 1.00000000e+00 5.58182934e-19
9.60054359e-01 1.08833104e-01 -1.56467875e-01 0.00000000e+00 0.00000000e+00 0.00000000e+00 1.00000000e+00 -5.13542640e-19
-8.28787151e-02 -5.84565493e-01 -8.66348491e-01 0.00000000e+00 0.00000000e+00 0.00000000e+00 1.00000000e+00 -1.37388416e-18
5.68161897e-01 -4.93630788e-01 1.85913262e-01 0.00000000e+00 0.00000000e+00 0.00000000e+00 1.00000000e+00 -7.91295240e-20
2.72816684e-01 -9.39890842e-01 -5.44064456e-01 0.00000000e+00 0.00000000e+00 0.00000000e+00 1.00000000e+00 8.13170907e-19
1.44826300e-01 -7.62093379e-01 2.75217960e-01 0.00000000e+00 0.00000000e+00 0.00000000e+00 1.00000000e+00 -6.88543738e-19
-7.09739491e-01 8.33696815e-01 -8.98333076e-01 0.00000000e+00 0.00000000e+00 0.00000000e+00 1.00000000e+00 -5.28568077e-19
8.92048907e-01 -3.56934017e-01 9.62774203e-01 0.00000000e+00 0.00000000e+00 0.00000000e+00 1.00000000e+00 1.10774300e-18
-3.97314735e-01 2.16258424e-01 -6.19898420e-02 0.00000000e+00 0.00000000e+00 0.00000000e+00 1.00000000e+00 6.43174977e-20
1.56034432e-01 -6.99717360e-02 7.93510743e-01 0.00000000e+00 0.00000000e+00 0.00000000e+00 1.00000000e+00 1.09823430e-18
3.99551889e-01 -1.99097510e-01 -4.88776535e-02 0.00000000e+00 0.00000000e+00 0.00000000e+00 1.00000000e+00 -1.71787006e-19
2.98466310e-01 6.37721827e-02 -8.79338363e-01 0.00000000e+00 0.00000000e+00 0.00000000e+00 1.00000000e+00 1.45149244e-18
8.81188819e-01 -6.25522111e-01 6.44427092e-01 0.00000000e+00 0.00000000e+00 0.00000000e+00 1.00000000e+00 4.83199136e-19
-7.03122020e-01 9.77207797e-01 2.96367459e-01 0.00000000e+00 0.00000000e+00 0.00000000e+00 1.00000000e+00 -1.23079573e-18
1.67054769e-02 6.36615737e-01 5.63514095e-01 0.00000000e+00 0.00000000e+00 0.00000000e+00 1.00000000e+00 1.23397398e-18
-1.91931219e-01 4.83229265e-01 -1.43660273e-01 0.00000000e+00 0.00000000e+00 0.00000000e+00 1.00000000e+00 -3.43981208e-20
-5.16625410e-02 -6.24814060e-02 2.75873488e-01 0.00000000e+00 0.00000000e+00 0.00000000e+00 1.00000000e+00 -1.14831534e-18
-7.61564948e-01 -6.94245756e-01 7.12458008e-01 0.00000000e+00 0.00000000e+00 0.00000000e+00 1.00000000e+00 -1.11290350e-18
-7.31810780e-01 8.41331717e-01 2.62130886e-01 0.00000000e+00 0.00000000e+00 0.00000000e+00 1.00000000e+00 6.00924978e-19
-4.43848908e-01 -3.17225865e-01 -3.04652730e-01 0.00000000e+00 0.00000000e+00 0.00000000e+00 1.00000000e+00 -1.45037839e-18
-3.90590792e-01 -8.99786621e-01 3.25059189e-01 0.00000000e+00 0.00000000e+00 0.00000000e+00 1.00000000e+00 -6.83828967e-19
-1.44193573e-01 -3.15192646e-01 3.43708377e-01 0.00000000e+00 0.00000000e+00 0.00000000e+00 1.00000000e+00 -1.15424781e-18
2.21975094e-01 5.88914061e-01 9.21173925e-01 0.00000000e+00 0.00000000e+00 0.00000000e+00 1.00000000e+00 -1.88808731e-19
2.69258235e-01 2.45417490e-01 -2.58175357e-01 0.00000000e+00 0.00000000e+00 0.00000000e+00 1.00000000e+00 -2.74440771e-19
-1.76378207e-01 5.01677169e-01 -1.49836465e-01 0.00000000e+00 0.00000000e+00 0.00000000e+00 1.00000000e+00 7.00998250e-20
-1.82433781e-01 5.87270768e-01 6.24245922e-01 0.00000000e+00 0.00000000e+00 0.00000000e+00 1.00000000e+00 -7.06123049e-19
-5.64742947e-01 -5.76090778e-01 1.15246295e-02 0.00000000e+00 0.00000000e+00 0.00000000e+00 1.00000000e+00 -1.49949765e-18
1.76612497e-01 8.47566632e-01 4.73146186e-01 0.00000000e+00 0.00000000e+00 0.00000000e+00 1.00000000e+00 3.66533494e-19
-3.65918177e-01 -1.24020794e-01 -8.05810711e-02 0.00000000e+00 0.00000000e+00 0.00000000e+00 1.00000000e+00 -4.04652130e-19
-9.27880331e-01 2.78027299e-01 -5.69009716e-01 0.00000000e+00 0.00000000e+00 0.00000000e+00 1.00000000e+00 4.84930798e-19
-1.63199912e-01 -9.95382455e-01 4.90407686e-01 0.00000000e+00 0.00000000e+00 0.00000000e+00 1.00000000e+00 -1.25396927e-18
-5.17346498e-02 9.86736997e-01 -7.37689662e-01 0.00000000e+00 0.00000000e+00 0.00000000e+00 1.00000000e+00 -1.55802912e-18
-5.48814264e-01 -4.38207228e-01 -6.02832673e-01 0.00000000e+00 0.00000000e+00 0.00000000e+00 1.00000000e+00 -8.06554149e-19
1.44915866e-01 -8.75873787e-01 2.53649966e-01 0.00000000e+00 0.00000000e+00 0.00000000e+00 1.00000000e+00 -1.39237728e-19
1.31543801e-01 -8.34759169e-02 4.94539600e-01 0.00000000e+00 0.00000000e+00 0.00000000e+00 1.00000000e+00 -3.39430816e-19
4.04004362e-01 -7.41939886e-01 7.89375774e-01 0.00000000e+00 0.00000000e+00 0.00000000e+00 1.00000000e+00 9.94319007e-19
2.95896964e-01 -6.95346580e-01 -4.54827005e-01 0.00000000e+00 0.00000000e+00 0.00000000e+00 1.00000000e+00 -3.91451344e-19
3.04866113e-01 2.64565626e-01 -7.78551483e-01 0.00000000e+00 0.00000000e+00 0.00000000e+00 1.00000000e+00 9.75442933e-20
-3.67571696e-01 -2.14145217e-01 9.12093319e-01 0.00000000e+00 0.00000000e+00 0.00000000e+00 1.00000000e+00 2.99656994e-19
5.74864444e-01 8.43704900e-01 -6.91153824e-01 0.00000000e+00 0.00000000e+00 0.00000000e+00 1.00000000e+00 -1.53222114e-18
9.82887672e-02 -3.61687011e-01 -6.04666035e-01 0.00000000e+00 0.00000000e+00 0.00000000e+00 1.00000000e+00 4.84926856e-20
-1.37163610e-01 4.52360257e-01 -4.17341093e-01 0.00000000e+00 0.00000000e+00 0.00000000e+00 1.00000000e+00 -4.97215461e-19
2.52024962e-01 -7.78011397e-02 5.87827081e-02 0.00000000e+00 0.00000000e+00 0.00000000e+00 1.00000000e+00 -2.52246280e-19
-2.78685331e-01 3.19902602e-01 7.65651132e-01 0.00000000e+00 0.00000000e+00 0.00000000e+00 1.00000000e+00 -1.28082038e-18
2.54784892e-02 1.99390713e-01 5.21092045e-01 0.00000000e+00 0.00000000e+00 0.00000000e+00 1.00000000e+00 9.06257004e-19
4.73411377e-01 -5.44320545e-02 4.16315108e-01 0.00000000e+00 0.00000000e+00 0.00000000e+00 1.00000000e+00 1.41761951e-18
7.72805773e-01 9.00122189e-01 -6.49638864e-01 0.00000000e+00 0.00000000e+00 0.00000000e+00 1.00000000e+00 -1.53081947e-18
8.42114395e-01 -3.14572714e-01 -2.84634737e-01 0.00000000e+00 0.00000000e+00 0.00000000e+00 1.00000000e+00 3.24834144e-19
7.26585037e-03 -6.45528998e-01 -4.31901478e-02 0.00000000e+00 0.00000000e+00 0.00000000e+00 1.00000000e+00 8.45449599e-19
4.05502295e-02 3.56188122e-01 -7.05148093e-01 0.00000000e+00 0.00000000e+00 0.00000000e+00 1.00000000e+00 -6.89552507e-19
5.99740822e-01 6.92015123e-01 -4.53140596e-01 0.00000000e+00 0.00000000e+00 0.00000000e+00 1.00000000e+00 9.21429678e-19
-3.71098617e-01 -9.19492520e-01 -3.83333592e-01 0.00000000e+00 0.00000000e+00 0.00000000e+00 1.00000000e+00 4.24112339e-19
6.74764725e-01 -1.00734623e-01 -7.45447603e-01 0.00000000e+00 0.00000000e+00 0.00000000e+00 1.00000000e+00 1.37518868e-18
-1.17167070e-02 7.84975379e-01 1.00479384e-01 0.00000000e+00 0.00000000e+00 0.00000000e+00 1.00000000e+00 1.54130934e-18
-7.68286551e-01 4.99237238e-01 4.10056393e-01 0.00000000e+00 0.00000000e+00 0.00000000e+00 1.00000000e+00 -1.46648473e-18
-8.55881706e-01 9.83615433e-01 -8.60136737e-01 0.00000000e+00 0.00000000e+00 0.00000000e+00 1.00000000e+00 -1.76438865e-19
6.83986422e-01 6.28276232e-02 -3.77537965e-02 0.00000000e+00 0.00000000e+00 0.00000000e+00 1.00000000e+00 1.50565471e-19
