256
5.47912097e-01 6.33137527e-01 -8.88864166e-01 0.00000000e+00 0.00000000e+00 0.00000000e+00 1.00000000e+00 -1.24768074e-18
-1.22243120e-01 -7.89443840e-01 -4.38777128e-01 0.00000000e+00 0.00000000e+00 0.00000000e+00 1.00000000e+00 3.85000759e-19
7.17195840e-01 -8.66882286e-01 -3.31739919e-01 0.00000000e+00 0.00000000e+00 0.00000000e+00 1.00000000e+00 -8.27880207e-19
3.94736058e-01 1.88867328e-01 -6.54011110e-01 0.00000000e+00 0.00000000e+00 0.00000000e+00 1.00000000e+00 2.21779860e-19
-8.11645304e-01 -7.07653512e-01 -3.72213260e-01 0.00000000e+00 0.00000000e+00 0.00000000e+00 1.00000000e+00 2.89017870e-19
9.51244703e-01 6.49328381e-01 4.85385133e-01 0.00000000e+00 0.00000000e+00 0.00000000e+00 1.00000000e+00 1.11971425e-18
5.22279404e-01 -3.79330652e-01 -9.70634313e-01 0.00000000e+00 0.00000000e+00 0.00000000e+00 1.00000000e+00 -1.58698354e-18
5.72128611e-01 -7.12256134e-01 6.54346849e-01 0.00000000e+00 0.00000000e+00 0.00000000e+00 1.00000000e+00 1.13232058e-18
-7.43772735e-01 8.41940945e-01 7.13096047e-01 0.00000000e+00 0.00000000e+00 0.00000000e+00 1.00000000e+00 3.81699634e-19
-9.92281242e-02 -6.68936555e-01 -2.55476854e-01 0.00000000e+00 0.00000000e+00 0.00000000e+00 1.00000000e+00 -1.08068901e-18
-2.58403952e-01 -4.30559835e-01 -6.92774202e-01 0.00000000e+00 0.00000000e+00 0.00000000e+00 1.00000000e+00 8.74587812e-19
8.53529978e-01 -6.92773210e-01 2.01680816e-01 0.00000000e+00 0.00000000e+00 0.00000000e+00 1.00000000e+00 1.13912048e-18
2.87730240e-01 -7.69019873e-01 -7.60654888e-01 0.00000000e+00 0.00000000e+00 0.00000000e+00 1.00000000e+00 -7.87426609e-19
6.45523227e-01 -9.57703967e-01 -2.70161278e-01 0.00000000e+00 0.00000000e+00 0.00000000e+00 1.00000000e+00 1.34196290e-18
-1.13171602e-01 -8.89209182e-01 9.16858362e-01 0.00000000e+00 0.00000000e+00 0.00000000e+00 1.00000000e+00 -1.45934482e-19
-5.45522556e-01 -6.50717058e-01 9.90928945e-01 0.00000000e+00 0.00000000e+00 0.00000000e+00 1.00000000e+00 3.31408488e-19
1.09169574e-01 -8.93236135e-01 5.44209783e-01 0.00000000e+00 0.00000000e+00 0.00000000e+00 1.00000000e+00 1.55298832e-18
-8.72365488e-01 1.82287632e-01 -3.78076980e-01 0.00000000e+00 0.00000000e+00 0.00000000e+00 1.00000000e+00 -4.43687319e-19
6.55262344e-01 3.61429054e-01 3.75330098e-01 0.00000000e+00 0.00000000e+00 0.00000000e+00 1.00000000e+00 1.00347317e-18
2.63328798e-01 -2.12739086e-01 4.10812731e-01 0.00000000e+00 0.00000000e+00 0.00000000e+00 1.00000000e+00 -5.81913380e-19
5.16175480e-01 -3.64017806e-01 -2.24316610e-01 0.00000000e+00 0.00000000e+00 0.00000000e+00 1.00000000e+00 9.58785828e-19
-2.90948064e-01 9.05247404e-03 2.81777269e-01 0.00000000e+00 0.00000000e+00 0.00000000e+00 1.00000000e+00 3.22787062e-19
9.41396049e-01 7.50009884e-01 -9.78544710e-01 0.00000000e+00 0.00000000e+00 0.00000000e+00 1.00000000e+00 -9.08896555e-19
7.86242243e-01 7.02263254e-01 -5.81884683e-01 0.00000000e+00 0.00000000e+00 0.00000000e+00 1.00000000e+00 -2.75490767e-19
5.56766994e-01 -9.13049876e-01 5.01766059e-02 0.00000000e+00 0.00000000e+00 0.00000000e+00 1.00000000e+00 -5.84359851e-19
-6.10722584e-01 -6.37003181e-01 -6.72497391e-01 0.00000000e+00 0.00000000e+00 0.00000000e+00 1.00000000e+00 -1.35188975e-18
-6.65579925e-02 -5.26510258e-01 -6.68186264e-01 0.00000000e+00 0.00000000e+00 0.00000000e+00 1.00000000e+00 -1.50657549e-18
-9.12392468e-01 -5.01224848e-01 6.72608581e-01 0.00000000e+00 0.00000000e+00 0.00000000e+00 1.00000000e+00 -4.91936622e-19
-6.91421016e-01 1.42465303e-01 9.78266005e-01 0.00000000e+00 0.00000000e+00 0.00000000e+00 1.00000000e+00 -1.54118450e-18
3.66097906e-01 -1.67475149e-01 1.11938856e-01 0.00000000e+00 0.00000000e+00 0.00000000e+00 1.00000000e+00 -1.07189540e-18
4.89524312e-01 -9.01491760e-01 6.78139462e-01 0.00000000e+00 0.00000000e+00 0.00000000e+00 1.00000000e+00 7.21566910e-19
9.35019465e-01 -2.52771723e-01 9.80643329e-01 0.00000000e+00 0.00000000e+00 0.00000000e+00 1.00000000e+00 6.66797831e-19
-3.48349284e-01 4.75058974e-02 -7.16808223e-01 0.00000000e+00 0.00000000e+00 0.00000000e+00 1.00000000e+00 7.64495841e-19
-2.59080588e-01 -7.96656194e-01 -1.03508773e-01 0.00000000e+00 0.00000000e+00 0.00000000e+00 1.00000000e+00 -5.85905834e-19
-6.08883774e-02 6.66917108e-01 -2.14854568e-01 0.00000000e+00 0.00000000e+00 0.00000000e+00 1.00000000e+00 1.24976012e-18
-6.21057282e-01 -8.96076267e-01 -8.39901433e-01 0.00000000e+00 0.00000000e+00 0.00000000e+00 1.00000000e+00 3.00666223e-19
-7.40156989e-01 8.49683738e-01 5.10660346e-01 0.00000000e+00 0.00000000e+00 0.00000000e+00 1.00000000e+00 -1.19834371e-18
-4.85901475e-02 -8.01773717e-01 -1.32441945e-01 0.00000000e+00 0.00000000e+00 0.00000000e+00 1.00000000e+00 -1.14165127e-18
-5.46181302e-01 6.87149903e-01 -6.13461316e-02 0.00000000e+00 0.00000000e+00 0.00000000e+00 1.00000000e+00 6.18745962e-19
3.39627989e-01 8.05306288e-01 -6.98654052e-01 0.00000000e+00 0.00000000e+00 0.00000000e+00 1.00000000e+00 -1.04800317e-18
-1.25696162e-01 9.59141361e-01 -6.38146696e-01 0.00000000e+00 0.00000000e+00 0.00000000e+00 1.00000000e+00 2.33683921e-20
6.65356392e-01 6.04051761e-01 8.14207244e-01 0.00000000e+00 0.00000000e+00 0.00000000e+00 1.00000000e+00 1.57581915e-18
4.00530204e-01 5.58955082e-01 -9.10701822e-01 0.00000000e+00 0.00000000e+00 0.00000000e+00 1.00000000e+00 -1.58933485e-18
-3.75266717e-01 2.84966552e-01 -5.34295430e-01 0.00000000e+00 0.00000000e+00 0.00000000e+00 1.00000000e+00 -1.54904909e-18
6.64519603e-01 5.57992709e-01 -4.15881339e-01 0.00000000e+00 0.00000000e+00 0.00000000e+00 1.00000000e+00 1.58001719e-18
6.09528715e-01 -7.30895583e-01 -1.96049152e-02 0.00000000e+00 0.00000000e+00 0.00000000e+00 1.00000000e+00 2.71212725e-19
-2.25043242e-01 7.21360719e-02 1.72890346e-01 0.00000000e+00 0.00000000e+00 0.00000000e+00 1.00000000e+00 -1.19551224e-18
-4.23343792e-01 2.84457404e-02 -1.34200483e-02 0.00000000e+00 0.00000000e+00 0.00000000e+00 1.00000000e+00 1.27309660e-18
3.64991008e-01 7.15144288e-01 -8.31769331e-01 0.00000000e+00 0.00000000e+00 0.00000000e+00 1.00000000e+00 1.21887286e-18
-7.20495033e-01 -7.44012688e-02 -5.12665092e-01 0.00000000e+00 0.00000000e+00 0.00000000e+00 1.00000000e+00 1.15998912e-19
-6.00183595e-01 -2.29821008e-01 6.87176770e-01 0.00000000e+00 0.00000000e+00 0.00000000e+00 1.00000000e+00 3.90264689e-19
-9.85275460e-01 2.79126542e-01 2.75177401e-01 0.00000000e+00 0.00000000e+00 0.00000000e+00 1.00000000e+00 -7.26788364e-19
5.73848755e-01 -4.67073365e-01 2.98298100e-01 0.00000000e+00 0.00000000e+00 0.00000000e+00 1.00000000e+00 -1.44029368e-18
3.29701713e-01 -7.20463178e-01 3.40406511e-01 0.00000000e+00 0.00000000e+00 0.00000000e+00 1.00000000e+00 3.03028027e-19
4.10330757e-01 -4.42454520e-02 5.25806038e-01 0.00000000e+00 0.00000000e+00 0.00000000e+00 1.00000000e+00 -6.57676867e-19
5.61458062e-01 -1.66221263e-01 -8.83783037e-01 0.00000000e+00 0.00000000e+00 0.00000000e+00 1.00000000e+00 5.24299636e-19
-8.21684489e-02 -5.34860119e-01 -2.66783230e-01 0.00000000e+00 0.00000000e+00 0.00000000e+00 1.00000000e+00 1.07744833e-18
1.37482392e-01 -2.64976380e-01 7.90548705e-02 0.00000000e+00 0.00000000e+00 0.00000000e+00 1.00000000e+00 -1.54398384e-18
-7.20406004e-01 -2.67215100e-01 -3.23087033e-01 0.00000000e+00 0.00000000e+00 0.00000000e+00 1.00000000e+00 3.06700747e-19
-7.70939853e-01 -3.45008871e-01 6.88957747e-01 0.00000000e+00 0.00000000e+00 0.00000000e+00 1.00000000e+00 -8.61072081e-19
3.36805924e-01 -2.41071841e-01 -3.48549828e-02 0.00000000e+00 0.00000000e+00 0.00000000e+00 1.00000000e+00 1.19807083e-18
-5.78075877e-02 3.71486691e-01 5.37255179e-01 0.00000000e+00 0.00000000e+00 0.00000000e+00 1.00000000e+00 -7.89345943e-19
1.30472213e-01 -4.06247051e-01 7.04031034e-01 0.00000000e+00 0.00000000e+00 0.00000000e+00 1.00000000e+00 3.54946638e-19
5.29997715e-01 8.97715853e-01 9.58296581e-03 0.00000000e+00 0.00000000e+00 0.00000000e+00 1.00000000e+00 1.71563766e-19
2.69436640e-01 8.32696039e-01 8.19104488e-01 0.00000000e+00 0.00000000e+00 0.00000000e+00 1.00000000e+00 -3.32719215e-19
1.07158801e-01 -3.81791434e-02 1.74247881e-01 0.00000000e+00 0.00000000e+00 0.00000000e+00 1.00000000e+00 5.69159674e-19
1.18414321e-01 -3.43277590e-01 7.00548598e-01 0.00000000e+00 0.00000000e+00 0.00000000e+00 1.00000000e+00 7.23445667e-19
-3.92099804e-01 7.08695797e-02 -3.18818409e-01 0.00000000e+00 0.00000000e+00 0.00000000e+00 1.00000000e+00 2.14492343e-19
-9.38364331e-01 6.97120978e-01 -2.36608294e-03 0.00000000e+00 0.00000000e+00 0.00000000e+00 1.00000000e+00 8.28076140e-19
-1.26565222e-01 3.05174681e-01 6.28220820e-02 0.00000000e+00 0.00000000e+00 0.00000000e+00 1.00000000e+00 1.54903909e-18
-5.70830654e-01 6.08783656e-01 -7.90040568e-01 0.00000000e+00 0.00000000e+00 0.00000000e+00 1.00000000e+00 -2.58679788e-19
-1.82942713e-01 6.54445521e-02 -2.02894987e-01 0.00000000e+00 0.00000000e+00 0.00000000e+00 1.00000000e+00 4.67292500e-20
7.06806147e-01 2.65835259e-01 8.34675345e-01 0.00000000e+00 0.00000000e+00 0.00000000e+00 1.00000000e+00 -1.56221874e-18
-5.32121028e-01 -4.23688772e-01 2.61664481e-01 0.00000000e+00 0.00000000e+00 0.00000000e+00 1.00000000e+00 9.48580072e-19
-8.83394517e-01 4.69786325e-01 -6.44986835e-01 0.00000000e+00 0.00000000e+00 0.00000000e+00 1.00000000e+00 6.48242815e-20
-4.37232216e-01 -5.95190814e-01 -3.22288729e-01 0.00000000e+00 0.00000000e+00 0.00000000e+00 1.00000000e+00 -2.94924091e-19
-4.12812484e-01 3.89596258e-01 -6.16793981e-01 0.00000000e+00 0.00000000e+00 0.00000000e+00 1.00000000e+00 -1.30073683e-18
3.23833029e-01 7.21438137e-01 -9.50353736e-01 0.00000000e+00 0.00000000e+00 0.00000000e+00 1.00000000e+00 1.24859683e-18
1.14064305e-01 -7.35794325e-01 8.54920917e-01 0.00000000e+00 0.00000000e+00 0.00000000e+00 1.00000000e+00 -3.36433893e-19
5.67796418e-01 2.28759481e-01 -1.03585343e-01 0.00000000e+00 0.00000000e+00 0.00000000e+00 1.00000000e+00 5.85055941e-19
3.28627081e-01 -8.09808504e-01 -3.84929855e-01 0.00000000e+00 0.00000000e+00 0.00000000e+00 1.00000000e+00 -1.12352907e-18
-1.87226277e-01 4.51431257e-01 1.96954383e-01 0.00000000e+00 0.00000000e+00 0.00000000e+00 1.00000000e+00 1.47896806e-18
6.28040769e-01 -8.31013562e-01 -9.85371087e-01 0.00000000e+00 0.00000000e+00 0.00000000e+00 1.00000000e+00 -1.03038619e-18
-6.66054160e-01 8.71879645e-01 -4.43955787e-01 0.00000000e+00 0.00000000e+00 0.00000000e+00 1.00000000e+00 -9.62773597e-19
-9.54575854e-01 -7.25184140e-01 4.06066931e-01 0.00000000e+00 0.00000000e+00 0.00000000e+00 1.00000000e+00 1.15030790e-18
-8.19904278e-01 9.17760492e-01 2.67539546e-01 0.00000000e+00 0.00000000e+00 0.00000000e+00 1.00000000e+00 1.32206086e-18
4.44718701e-01 6.01768352e-01 9.63611895e-01 0.00000000e+00 0.00000000e+00 0.00000000e+00 1.00000000e+00 -9.22381395e-19
-7.62455395e-02 1.87364009e-01 2.40715419e-01 0.00000000e+00 0.00000000e+00 0.00000000e+00 1.00000000e+00 -9.67686227e-20
-6.77456442e-01 5.65248209e-01 -4.49882527e-02 0.00000000e+00 0.00000000e+00 0.00000000e+00 1.00000000e+00 7.48200160e-19
2.08955021e-03 5.90229678e-01 5.22865126e-01 0.00000000e+00 0.00000000e+00 0.00000000e+00 1.00000000e+00 1.21241748e-18
-6.95375795e-01 8.92054126e-01 8.06655744e-01 0.00000000e+00 0.00000000e+00 0.00000000e+00 1.00000000e+00 -3.87557892e-19
3.92640750e-01 -4.93233292e-01 4.41391893e-01 0.00000000e+00 0.00000000e+00 0.00000000e+00 1.00000000e+00 5.45364483e-20
-1.07687449e-01 1.80151791e-01 9.26422447e-01 0.00000000e+00 0.00000000e+00 0.00000000e+00 1.00000000e+00 7.74544770e-19
-2.37957548e-01 -8.09901605e-01 5.64010341e-01 0.00000000e+00 0.00000000e+00 0.00000000e+00 1.00000000e+00 7.40641322e-19
-3.96975822e-01 2.32331400e-01 7.33602877e-01 0.00000000e+00 0.00000000e+00 0.00000000e+00 1.00000000e+00 9.06704217e-19
2.60565186e-01 -6.57417392e-01 -7.71791858e-01 0.00000000e+00 0.00000000e+00 0.00000000e+00 1.00000000e+00 2.24092660e-19
-2.76374779e-01 1.29901223e-01 4.64827006e-01 0.00000000e+00 0.00000000e+00 0.00000000e+00 1.00000000e+00 -1.26695291e-18
-8.24700161e-01 1.44861028e-01 -1.19822601e-01 0.00000000e+00 0.00000000e+00 0.00000000e+00 1.00000000e+00 1.29447313e-18
-7.63988196e-01 -6.80296940e-02 1.06207605e-01 0.00000000e+00 0.00000000e+00 0.00000000e+00 1.00000000e+00 1.17142356e-18
9.23795329e-01 4.52635510e-02 3.08204819e-01 0.00000000e+00 0.00000000e+00 0.00000000e+00 1.00000000e+00 9.55209493e-19
8.17161381e-01 5.27846780e-01 9.39630233e-01 0.00000000e+00 0.00000000e+00 0.00000000e+00 1.00000000e+00 -1.28218198e-18
3.99414268e-01 5.98489433e-01 9.69156163e-01 0.00000000e+00 0.00000000e+00 0.00000000e+00 1.00000000e+00 -9.47215263e-19
-4.68260077e-01 -1.56935688e-02 -4.23543509e-01 0.00000000e+00 0.00000000e+00 0.00000000e+00 1.00000000e+00 7.80581626e-19
9.38352755e-01 1.99186883e-01 4.67506995e-01 0.00000000e+00 0.00000000e+00 0.00000000e+00 1.00000000e+00 -1.52802760e-18
5.57501808e-01 8.62472471e-01 4.99967076e-01 0.00000000e+00 0.00000000e+00 0.00000000e+00 1.00000000e+00 1.53560502e-18
4.33780378e-01 -7.60532823e-01 -3.07014277e-01 0.00000000e+00 0.00000000e+00 0.00000000e+00 1.00000000e+00 -3.93671845e-19
-1.01276996e-01 -7.65792868e-01 -7.52260450e-01 0.00000000e+00 0.00000000e+00 0.00000000e+00 1.00000000e+00 7.02754834e-19
-4.55516876e-01 -8.24581976e-01 -9.18106079e-01 0.00000000e+00 0.00000000e+00 0.00000000e+00 1.00000000e+00 1.24191468e-18
-8.07218076e-01 3.15726570e-01 5.54686255e-01 0.00000000e+00 0.00000000e+00 0.00000000e+00 1.00000000e+00 -3.37643062e-19
8.05204793e-01 -1.62783398e-01 -2.06005164e-02 0.00000000e+00 0.00000000e+00 0.00000000e+00 1.00000000e+00 -5.79563401e-19
-8.84474203e-02 5.48642832e-01 9.71080339e-01 0.00000000e+00 0.00000000e+00 0.00000000e+00 1.00000000e+00 3.48444992e-19
-5.95273270e-01 3.42462827e-01 -7.00530876e-02 0.00000000e+00 0.00000000e+00 0.00000000e+00 1.00000000e+00 2.59518564e-19
-3.88086752e-01 -3.32724483e-01 9.55833958e-01 0.00000000e+00 0.00000000e+00 0.00000000e+00 1.00000000e+00 -2.91147610e-19
1.58439138e-01 7.96733095e-01 -1.76847996e-01 0.00000000e+00 0.00000000e+00 0.00000000e+00 1.00000000e+00 3.26122272e-19
-6.46454434e-01 5.25064294e-01 5.87364301e-01 0.00000000e+00 0.00000000e+00 0.00000000e+00 1.00000000e+00 1.39511571e-18
7.13228568e-01 -4.58930118e-01 -8.30361455e-01 0.00000000e+00 0.00000000e+00 0.00000000e+00 1.00000000e+00 -1.03692049e-19
5.17039060e-01 -2.71615964e-01 1.10923420e-01 0.00000000e+00 0.00000000e+00 0.00000000e+00 1.00000000e+00 -9.71745184e-19
4.38925912e-01 -3.71120040e-01 6.04119574e-01 0.00000000e+00 0.00000000e+00 0.00000000e+00 1.00000000e+00 -3.93475410e-19
-1.35813920e-01 -6.84776703e-01 8.49403334e-01 0.00000000e+00 0.00000000e+00 0.00000000e+00 1.00000000e+00 -3.39318636e-19
2.54617681e-01 -7.04433255e-01 6.45166181e-01 0.00000000e+00 0.00000000e+00 0.00000000e+00 1.00000000e+00 -1.18205807e-18
1.68195938e-01 8.72254927e-01 -9.26058546e-01 0.00000000e+00 0.00000000e+00 0.00000000e+00 1.00000000e+00 -1.08027881e-18
2.99693203e-01 -1.24191926e-01 -2.54595317e-01 0.00000000e+00 0.00000000e+00 0.00000000e+00 1.00000000e+00 5.91402083e-19
-8.31111358e-01 -2.33360354e-01 -9.02603055e-01 0.00000000e+00 0.00000000e+00 0.00000000e+00 1.00000000e+00 -5.14369983e-19
-1.68385196e-01 4.59371417e-01 -7.81435418e-01 0.00000000e+00 0.00000000e+00 0.00000000e+00 1.00000000e+00 1.45765515e-18
-9.16771652e-01 1.05986131e-01 3.50611257e-01 0.00000000e+00 0.00000000e+00 0.00000000e+00 1.00000000e+00 -8.21606607e-19
-1.20183615e-02 8.72279974e-01 4.26516393e-01 0.00000000e+00 0.00000000e+00 0.00000000e+00 1.00000000e+00 -1.28518757e-18
-3.40277575e-01 5.60602988e-01 5.47441366e-01 0.00000000e+00 0.00000000e+00 0.00000000e+00 1.00000000e+00 8.12318175e-19
-7.10951622e-01 -4.12608718e-02 7.30913096e-01 0.00000000e+00 0.00000000e+00 0.00000000e+00 1.00000000e+00 1.22097412e-18
-7.93194065e-01 -2.47281053e-01 4.78862937e-01 0.00000000e+00 0.00000000e+00 0.00000000e+00 1.00000000e+00 -7.11003190e-19
1.75289144e-01 9.73263090e-01 6.01743184e-01 0.00000000e+00 0.00000000e+00 0.00000000e+00 1.00000000e+00 -9.54614965e-19
-6.58814063e-01 4.35520472e-01 -9.02072580e-01 0.00000000e+00 0.00000000e+00 0.00000000e+00 1.00000000e+00 -1.00691631e-18
8.50240237e-01 9.02389320e-01 -5.30929699e-01 0.00000000e+00 0.00000000e+00 0.00000000e+00 1.00000000e+00 7.05351898e-20
1.62122279e-01 -7.63042846e-01 2.43795547e-01 0.00000000e+00 0.00000000e+00 0.00000000e+00 1.00000000e+00 -1.01204239e-19
-3.06260391e-01 7.01067358e-01 7.16250609e-01 0.00000000e+00 0.00000000e+00 0.00000000e+00 1.00000000e+00 -7.70839735e-19
1.81830983e-01 2.74147768e-01 -9.90999750e-01 0.00000000e+00 0.00000000e+00 0.00000000e+00 1.00000000e+00 -1.45742601e-18
-9.54392258e-01 -7.56156643e-01 2.92586842e-02 0.00000000e+00 0.00000000e+00 0.00000000e+00 1.00000000e+00 -5.93082841e-20
9.17118426e-01 1.76516000e-01 3.54574799e-01 0.00000000e+00 0.00000000e+00 0.00000000e+00 1.00000000e+00 1.47186311e-18
-3.53931261e-02 3.72192730e-01 -9.40785422e-01 0.00000000e+00 0.00000000e+00 0.00000000e+00 1.00000000e+00 4.88725399e-19
5.65470455e-01 -9.75394628e-01 -1.97288885e-01 0.00000000e+00 0.00000000e+00 0.00000000e+00 1.00000000e+00 -1.43985800e-20
-8.34540000e-01 -9.13640763e-02 7.91269763e-01 0.00000000e+00 0.00000000e+00 0.00000000e+00 1.00000000e+00 -1.24748012e-18
-2.66833383e-02 6.50799022e-01 3.43225618e-01 0.00000000e+00 0.00000000e+00 0.00000000e+00 1.00000000e+00 -7.93281581e-19
-1.85860113e-02 -4.09281949e-01 -5.24683273e-01 0.00000000e+00 0.00000000e+00 0.00000000e+00 1.00000000e+00 -6.57616765e-19
8.75652910e-01 -8.29038364e-02 7.05562259e-01 0.00000000e+00 0.00000000e+00 0.00000000e+00 1.00000000e+00 8.48524129e-19
1.43456105e-01 -1.15371746e-01 -3.03937153e-01 0.00000000e+00 0.00000000e+00 0.00000000e+00 1.00000000e+00 1.20711447e-18
-5.30211979e-02 -3.96145217e-01 7.06689342e-01 0.00000000e+00 0.00000000e+00 0.00000000e+00 1.00000000e+00 1.28700239e-18
-4.66048674e-01 8.36883791e-01 -4.02112698e-01 0.00000000e+00 0.00000000e+00 0.00000000e+00 1.00000000e+00 1.55272900e-18
-3.36862005e-01 5.62588071e-01 1.80640502e-01 0.00000000e+00 0.00000000e+00 0.00000000e+00 1.00000000e+00 1.54567326e-18
4.13448049e-02 -7.78823178e-01 -2.06119865e-01 0.00000000e+00 0.00000000e+00 0.00000000e+00 1.00000000e+00 1.45156925e-18
-1.22177079e-01 9.94069316e-01 -4.50349898e-01 0.00000000e+00 0.00000000e+00 0.00000000e+00 1.00000000e+00 -1.37203312e-18
-9.56775840e-01 7.58400049e-01 7.73115124e-01 0.00000000e+00 0.00000000e+00 0.00000000e+00 1.00000000e+00 -1.16063747e-18
6.52583848e-01 -4.32183124e-01 -6.24812636e-01 0.00000000e+00 0.00000000e+00 0.00000000e+00 1.00000000e+00 -6.26558325e-19
7.92321544e-01 6.73793159e-01 -8.30376818e-01 0.00000000e+00 0.00000000e+00 0.00000000e+00 1.00000000e+00 1.69504693e-19
-7.19501822e-01 -7.87160936e-01 -3.16146123e-01 0.00000000e+00 0.00000000e+00 0.00000000e+00 1.00000000e+00 -1.29142522e-18
1.08072287e-01 9.98209461e-01 4.35278295e-01 0.00000000e+00 0.00000000e+00 0.00000000e+00 1.00000000e+00 1.10805561e-18
-7.82848518e-01 3.31369472e-01 6.14863212e-01 0.00000000e+00 0.00000000e+00 0.00000000e+00 1.00000000e+00 3.74128044e-19
3.44480186e-01 3.00250031e-01 9.97486740e-01 0.00000000e+00 0.00000000e+00 0.00000000e+00 1.00000000e+00 1.35750511e-19
-4.37532432e-01 -8.19118546e-01 -4.07275886e-01 0.00000000e+00 0.00000000e+00 0.00000000e+00 1.00000000e+00 -1.07246075e-18
3.18845269e-01 7.94066798e-01 -1.84116098e-01 0.00000000e+00 0.00000000e+00 0.00000000e+00 1.00000000e+00 -7.90656627e-19
4.53989229e-01 -9.42000994e-01 -7.26357444e-01 0.00000000e+00 0.00000000e+00 0.00000000e+00 1.00000000e+00 -1.08848027e-18
5.37294984e-01 -5.18343884e-01 1.49743859e-01 0.00000000e+00 0.00000000e+00 0.00000000e+00 1.00000000e+00 1.12771816e-18
-7.84518108e-01 -7.13956250e-01 9.95160075e-01 0.00000000e+00 0.00000000e+00 0.00000000e+00 1.00000000e+00 2.69895819e-19
8.32023690e-01 5.53535881e-01 4.01762020e-01 0.00000000e+00 0.00000000e+00 0.00000000e+00 1.00000000e+00 7.53437749e-19
-5.39572018e-01 -6.03591546e-01 1.90425681e-01 0.00000000e+00 0.00000000e+00 0.00000000e+00 1.00000000e+00 -6.53582762e-19
-9.25174888e-01 8.21276454e-01 -2.15261814e-01 0.00000000e+00 0.00000000e+00 0.00000000e+00 1.00000000e+00 -4.12552033e-19
1.09704939e-01 3.12538079e-01 8.30597521e-01 0.00000000e+00 0.00000000e+00 0.00000000e+00 1.00000000e+00 -3.04878306e-19
-2.58155432e-01 -9.27674579e-01 -6.16680774e-03 0.00000000e+00 0.00000000e+00 0.00000000e+00 1.00000000e+00 8.33179824e-19
6.59579486e-01 -9.89140332e-01 -7.31266173e-01 0.00000000e+00 0.00000000e+00 0.00000000e+00 1.00000000e+00 8.72715186e-19
6.16502944e-01 -8.96684166e-01 -2.69243074e-01 0.00000000e+00 0.00000000e+00 0.00000000e+00 1.00000000e+00 -9.39473031e-19
-3.65722214e-01 2.11850355e-01 -8.65666662e-01 0.00000000e+00 0.00000000e+00 0.00000000e+00 1.00000000e+00 1.41484648e-18
9.05798790e-01 6.02963622e-01 -5.96041925e-01 0.00000000e+00 0.00000000e+00 0.00000000e+00 1.00000000e+00 -1.21555431e-18
-4.18164324e-01 -5.22894359e-01 -9.64662438e-01 0.00000000e+00 0.00000000e+00 0.00000000e+00 1.00000000e+00 1.26931509e-18
3.01142585e-02 6.98817686e-01 -9.34401670e-02 0.00000000e+00 0.00000000e+00 0.00000000e+00 1.00000000e+00 -1.28047352e-18
-4.88069819e-01 -8.85536120e-01 2.69080530e-01 0.00000000e+00 0.00000000e+00 0.00000000e+00 1.00000000e+00 -7.54497626e-19
8.72087140e-01 6.01927707e-01 -3.13415075e-01 0.00000000e+00 0.00000000e+00 0.00000000e+00 1.00000000e+00 1.11023963e-18
-6.70784365e-01 8.55590860e-01 -1.59236457e-01 0.00000000e+00 0.00000000e+00 0.00000000e+00 1.00000000e+00 -1.02702063e-18
-9.10178761e-01 5.44216798e-01 9.18418546e-01 0.00000000e+00 0.00000000e+00 0.00000000e+00 1.00000000e+00 -2.76958882e-19
-1.29805880e-01 3.96241568e-01 5.03926243e-01 0.00000000e+00 0.00000000e+00 0.00000000e+00 1.00000000e+00 -1.60668516e-19
9.84751128e-01 6.75960437e-01 8.17132739e-02 0.00000000e+00 0.00000000e+00 0.00000000e+00 1.00000000e+00 -8.16280242e-19
7.83354533e-01 -9.19697401e-01 -4.30918250e-01 0.00000000e+00 0.00000000e+00 0.00000000e+00 1.00000000e+00 6.73699898e-19
4.97216039e-01 -5.96435779e-01 7.93993598e-01 0.00000000e+00 0.00000000e+00 0.00000000e+00 1.00000000e+00 1.12580033e-18
7.81584982e-01 -7.50152641e-01 -5.29805766e-01 0.00000000e+00 0.00000000e+00 0.00000000e+00 1.00000000e+00 1.20027107e-18
7.86893279e-01 9.06198039e-03 -3.49314539e-01 0.00000000e+00 0.00000000e+00 0.00000000e+00 1.00000000e+00 -5.14868607e-19
3.77167208e-02 4.90376257e-01 8.18129629e-01 0.00000000e+00 0.00000000e+00 0.00000000e+00 1.00000000e+00 9.88555618e-20
-3.68141896e-01 2.60023689e-01 5.90841106e-02 0.00000000e+00 0.00000000e+00 0.00000000e+00 1.00000000e+00 -8.06194762e-19
5.44024864e-01 7.02262200e-01 4.84635899e-01 0.00000000e+00 0.00000000e+00 0.00000000e+00 1.00000000e+00 -8.17762164e-19
3.23322526e-01 -6.89574015e-01 1.81489588e-01 0.00000000e+00 0.00000000e+00 0.00000000e+00 1.00000000e+00 -1.08546165e-18
-2.52684542e-01 4.69242184e-01 3.06878418e-01 0.00000000e+00 0.00000000e+00 0.00000000e+00 1.00000000e+00 1.40997636e-18
-8.11066664e-01 -6.13917018e-01 -4.01233417e-01 0.00000000e+00 0.00000000e+00 0.00000000e+00 1.00000000e+00 1.24325327e-18
4.93579223e-01 -4.58482497e-01 -5.17255877e-01 0.00000000e+00 0.00000000e+00 0.00000000e+00 1.00000000e+00 8.88755299e-19
-4.75078968e-01 4.19809395e-01 -3.55015306e-01 0.00000000e+00 0.00000000e+00 0.00000000e+00 1.00000000e+00 5.65937535e-20
8.73626301e-01 9.60409570e-01 -6.89116872e-01 0.00000000e+00 0.00000000e+00 0.00000000e+00 1.00000000e+00 -3.00955566e-20
-5.18058850e-01 2.23087212e-01 7.48628731e-01 0.00000000e+00 0.00000000e+00 0.00000000e+00 1.00000000e+00 9.53156226e-20
-7.54484135e-01 -8.90999370e-01 -4.33506133e-01 0.00000000e+00 0.00000000e+00 0.00000000e+00 1.00000000e+00 1.17176834e-19
6.62225344e-01 2.32617940e-01 1.22978789e-01 0.00000000e+00 0.00000000e+00 0.00000000e+00 1.00000000e+00 -2.09682993e-19
-6.93431367e-01 -9.15298897e-01 5.83948850e-01 0.00000000e+00 0.00000000e+00 0.00000000e+00 1.00000000e+00 -1.17998760e-18
-6.41463384e-01 7.68291423e-01 5.67648219e-01 0.00000000e+00 0.00000000e+00 0.00000000e+00 1.00000000e+00 -1.19950526e-18
1.98765583e-01 4.19156570e-01 -1.23227483e-01 0.00000000e+00 0.00000000e+00 0.00000000e+00 1.00000000e+00 1.44916785e-18
7.49124082e-01 -6.53744307e-01 -4.74853828e-02 0.00000000e+00 0.00000000e+00 0.00000000e+00 1.00000000e+00 -5.75797942e-20
-6.07130669e-01 -8.16557988e-01 9.89403498e-01 0.00000000e+00 0.00000000e+00 0.00000000e+00 1.00000000e+00 1.45223060e-18
-3.79352654e-01 -6.32933542e-01 3.49194954e-01 0.00000000e+00 0.00000000e+00 0.00000000e+00 1.00000000e+00 -1.07801853e-18
5.54809676e-01 9.60054359e-01 6.29276886e-01 0.00000000e+00 0.00000000e+00 0.00000000e+00 1.00000000e+00 1.74369856e-19
9.43652852e-01 -8.28787151e-02 8.05107938e-01 0.00000000e+00 0.00000000e+00 0.00000000e+00 1.00000000e+00 -9.36577174e-19
1.48237240e-03 5.68161897e-01 5.75179672e-01 0.00000000e+00 0.00000000e+00 0.00000000e+00 1.00000000e+00 -7.90883714e-19
-7.12204995e-01 2.72816684e-01 -6.29641310e-01 0.00000000e+00 0.00000000e+00 0.00000000e+00 1.00000000e+00 -1.50587115e-18
-9.72127425e-01 1.44826300e-01 1.24341467e-01 0.00000000e+00 0.00000000e+00 0.00000000e+00 1.00000000e+00 -1.22100820e-18
-5.40687940e-01 -7.09739491e-01 -7.96211685e-01 0.00000000e+00 0.00000000e+00 0.00000000e+00 1.00000000e+00 1.33572956e-18
-7.36355564e-01 8.92048907e-01 3.05844253e-01 0.00000000e+00 0.00000000e+00 0.00000000e+00 1.00000000e+00 -5.71871342e-19
3.55317347e-01 -3.97314735e-01 9.10698856e-01 0.00000000e+00 0.00000000e+00 0.00000000e+00 1.00000000e+00 3.46484194e-19
-7.56334991e-01 1.56034432e-01 2.54641286e-02 0.00000000e+00 0.00000000e+00 0.00000000e+00 1.00000000e+00 -1.12107080e-19
1.26598632e-02 3.99551889e-01 -1.34055014e-01 0.00000000e+00 0.00000000e+00 0.00000000e+00 1.00000000e+00 -3.18989378e-19
3.88524871e-01 2.98466310e-01 -9.28314497e-01 0.00000000e+00 0.00000000e+00 0.00000000e+00 1.00000000e+00 1.02174301e-19
1.62233218e-01 8.81188819e-01 9.19549045e-01 0.00000000e+00 0.00000000e+00 0.00000000e+00 1.00000000e+00 -1.00219691e-18
-6.00448697e-01 -7.03122020e-01 -7.93994632e-01 0.00000000e+00 0.00000000e+00 0.00000000e+00 1.00000000e+00 1.56565950e-18
6.08249052e-01 1.67054769e-02 -9.17841813e-01 0.00000000e+00 0.00000000e+00 0.00000000e+00 1.00000000e+00 1.01997086e-18
4.30814259e-01 -1.91931219e-01 -5.07866777e-01 0.00000000e+00 0.00000000e+00 0.00000000e+00 1.00000000e+00 7.74218638e-19
4.77968008e-01 -5.16625410e-02 -8.68939132e-01 0.00000000e+00 0.00000000e+00 0.00000000e+00 1.00000000e+00 -1.00106249e-19
-7.37884497e-01 -7.61564948e-01 -8.97643152e-02 0.00000000e+00 0.00000000e+00 0.00000000e+00 1.00000000e+00 -1.11230433e-18
-7.52492393e-01 -7.31810780e-01 3.21756025e-02 0.00000000e+00 0.00000000e+00 0.00000000e+00 1.00000000e+00 1.34796202e-18
8.55125102e-01 -4.43848908e-01 -3.74860102e-01 0.00000000e+00 0.00000000e+00 0.00000000e+00 1.00000000e+00 -5.08251869e-19
-2.04843612e-01 -3.90590792e-01 -8.98079035e-01 0.00000000e+00 0.00000000e+00 0.00000000e+00 1.00000000e+00 -1.44161710e-18
-3.98102616e-01 -1.44193573e-01 -7.76799264e-01 0.00000000e+00 0.00000000e+00 0.00000000e+00 1.00000000e+00 -5.04994293e-19
-2.28319093e-02 2.21975094e-01 -2.30991244e-01 0.00000000e+00 0.00000000e+00 0.00000000e+00 1.00000000e+00 9.43544348e-19
3.25728426e-01 2.69258235e-01 -8.78943098e-01 0.00000000e+00 0.00000000e+00 0.00000000e+00 1.00000000e+00 3.93202168e-19
9.11246514e-01 -1.76378207e-01 3.96379451e-01 0.00000000e+00 0.00000000e+00 0.00000000e+00 1.00000000e+00 8.03775439e-19
-4.27107546e-01 -1.82433781e-01 -5.85958917e-01 0.00000000e+00 0.00000000e+00 0.00000000e+00 1.00000000e+00 9.40911502e-19
8.49616859e-01 -5.64742947e-01 -3.95856862e-01 0.00000000e+00 0.00000000e+00 0.00000000e+00 1.00000000e+00 -9.22999183e-19
-9.50281017e-01 1.76612497e-01 -2.11748446e-01 0.00000000e+00 0.00000000e+00 0.00000000e+00 1.00000000e+00 1.35795145e-18
1.10396085e-01 -3.65918177e-01 -1.66780734e-01 0.00000000e+00 0.00000000e+00 0.00000000e+00 1.00000000e+00 -1.98703219e-19
2.67950223e-01 -9.27880331e-01 -9.96678585e-01 0.00000000e+00 0.00000000e+00 0.00000000e+00 1.00000000e+00 4.45448841e-19
-7.88205192e-01 -1.63199912e-01 -7.75859258e-01 0.00000000e+00 0.00000000e+00 0.00000000e+00 1.00000000e+00 -1.59477851e-18
-7.19320806e-01 -5.17346498e-02 7.25529127e-01 0.00000000e+00 0.00000000e+00 0.00000000e+00 1.00000000e+00 1.58092696e-18
-1.61771361e-01 -5.48814264e-01 -9.97533875e-01 0.00000000e+00 0.00000000e+00 0.00000000e+00 1.00000000e+00 -7.02085382e-19
9.32463824e-01 1.44915866e-01 1.63347116e-02 0.00000000e+00 0.00000000e+00 0.00000000e+00 1.00000000e+00 -1.40330452e-18
1.92085106e-01 1.31543801e-01 -2.09959870e-02 0.00000000e+00 0.00000000e+00 0.00000000e+00 1.00000000e+00 -1.33743164e-19
8.66046443e-01 4.04004362e-01 -3.33811678e-01 0.00000000e+00 0.00000000e+00 0.00000000e+00 1.00000000e+00 -1.18871875e-18
6.08721831e-01 2.95896964e-01 -1.37345960e-01 0.00000000e+00 0.00000000e+00 0.00000000e+00 1.00000000e+00 -1.11406804e-18
-6.52367969e-02 3.04866113e-01 5.61162275e-01 0.00000000e+00 0.00000000e+00 0.00000000e+00 1.00000000e+00 4.23880864e-19
5.69526899e-01 -3.67571696e-01 6.82407412e-01 0.00000000e+00 0.00000000e+00 0.00000000e+00 1.00000000e+00 -3.43098463e-19
-9.64326432e-01 5.74864444e-01 -4.79302913e-01 0.00000000e+00 0.00000000e+00 0.00000000e+00 1.00000000e+00 1.35176428e-18
-7.81712006e-01 9.82887672e-02 -3.55019118e-01 0.00000000e+00 0.00000000e+00 0.00000000e+00 1.00000000e+00 -5.79486477e-19
6.58857230e-01 -1.37163610e-01 -5.15034294e-01 0.00000000e+00 0.00000000e+00 0.00000000e+00 1.00000000e+00 7.24761034e-19
5.93634177e-01 2.52024962e-01 -4.02731989e-02 0.00000000e+00 0.00000000e+00 0.00000000e+00 1.00000000e+00 -1.24651168e-19
-5.34718516e-01 -2.78685331e-01 3.66516715e-01 0.00000000e+00 0.00000000e+00 0.00000000e+00 1.00000000e+00 5.12540474e-19
6.15391812e-02 2.54784892e-02 -5.43494249e-01 0.00000000e+00 0.00000000e+00 0.00000000e+00 1.00000000e+00 3.19459142e-19
2.12031641e-01 4.73411377e-01 -3.38528516e-01 0.00000000e+00 0.00000000e+00 0.00000000e+00 1.00000000e+00 -8.72097658e-20
7.35477908e-01 7.72805773e-01 8.60769235e-01 0.00000000e+00 0.00000000e+00 0.00000000e+00 1.00000000e+00 1.44215474e-18
2.06214315e-01 8.42114395e-01 -9.02861420e-01 0.00000000e+00 0.00000000e+00 0.00000000e+00 1.00000000e+00 -5.04001053e-19
-1.74856861e-01 7.26585037e-03 -7.84607895e-02 0.00000000e+00 0.00000000e+00 0.00000000e+00 1.00000000e+00 -1.03425148e-18
-2.51631913e-01 4.05502295e-02 4.23116083e-01 0.00000000e+00 0.00000000e+00 0.00000000e+00 1.00000000e+00 5.70676286e-19
-1.48235827e-01 5.99740822e-01 -6.99091977e-01 0.00000000e+00 0.00000000e+00 0.00000000e+00 1.00000000e+00 1.10873046e-18
3.03862051e-01 -3.71098617e-01 -9.05251960e-01 0.00000000e+00 0.00000000e+00 0.00000000e+00 1.00000000e+00 -1.47318943e-18
7.34981264e-01 6.74764725e-01 -7.23589257e-01 0.00000000e+00 0.00000000e+00 0.00000000e+00 1.00000000e+00 -1.61394659e-19
-9.22062358e-02 -1.17167070e-02 8.37646387e-01 0.00000000e+00 0.00000000e+00 0.00000000e+00 1.00000000e+00 1.25766921e-18
-5.04320874e-01 -7.68286551e-01 -9.81480436e-01 0.00000000e+00 0.00000000e+00 0.00000000e+00 1.00000000e+00 7.99866237e-19
-5.26675274e-01 -8.55881706e-01 -6.23356050e-01 0.00000000e+00 0.00000000e+00 0.00000000e+00 1.00000000e+00 1.57592566e-18
4.92028560e-01 6.83986422e-01 -9.37432974e-01 0.00000000e+00 0.00000000e+00 0.00000000e+00 1.00000000e+00 1.00660950e-19
