128
5.47912097e-01 -7.93194065e-01 6.33137527e-01 0.00000000e+00 0.00000000e+00 0.00000000e+00 1.00000000e+00 -3.96187925e-19
-1.22243120e-01 1.75289144e-01 -7.89443840e-01 0.00000000e+00 0.00000000e+00 0.00000000e+00 1.00000000e+00 1.55933938e-18
7.17195840e-01 -6.58814063e-01 -8.66882286e-01 0.00000000e+00 0.00000000e+00 0.00000000e+00 1.00000000e+00 6.97780724e-19
3.94736058e-01 8.50240237e-01 1.88867328e-01 0.00000000e+00 0.00000000e+00 0.00000000e+00 1.00000000e+00 1.44578708e-18
-8.11645304e-01 1.62122279e-01 -7.07653512e-01 0.00000000e+00 0.00000000e+00 0.00000000e+00 1.00000000e+00 -1.22252942e-18
9.51244703e-01 -3.06260391e-01 6.49328381e-01 0.00000000e+00 0.00000000e+00 0.00000000e+00 1.00000000e+00 1.12323374e-18
5.22279404e-01 1.81830983e-01 -3.79330652e-01 0.00000000e+00 0.00000000e+00 0.00000000e+00 1.00000000e+00 4.39233148e-19
5.72128611e-01 -9.54392258e-01 -7.12256134e-01 0.00000000e+00 0.00000000e+00 0.00000000e+00 1.00000000e+00 -1.21149651e-18
-7.43772735e-01 9.17118426e-01 8.41940945e-01 0.00000000e+00 0.00000000e+00 0.00000000e+00 1.00000000e+00 2.82809811e-19
-9.92281242e-02 -3.53931261e-02 -6.68936555e-01 0.00000000e+00 0.00000000e+00 0.00000000e+00 1.00000000e+00 5.96318496e-19
-2.58403952e-01 5.65470455e-01 -4.30559835e-01 0.00000000e+00 0.00000000e+00 0.00000000e+00 1.00000000e+00 -1.56275448e-18
8.53529978e-01 -8.34540000e-01 -6.92773210e-01 0.00000000e+00 0.00000000e+00 0.00000000e+00 1.00000000e+00 -1.46381388e-19
2.87730240e-01 -2.66833383e-02 -7.69019873e-01 0.00000000e+00 0.00000000e+00 0.00000000e+00 1.00000000e+00 1.04269499e-18
6.45523227e-01 -1.85860113e-02 -9.57703967e-01 0.00000000e+00 0.00000000e+00 0.00000000e+00 1.00000000e+00 -6.55741976e-19
-1.13171602e-01 8.75652910e-01 -8.89209182e-01 0.00000000e+00 0.00000000e+00 0.00000000e+00 1.00000000e+00 -1.32826590e-19
-5.45522556e-01 1.43456105e-01 -6.50717058e-01 0.00000000e+00 0.00000000e+00 0.00000000e+00 1.00000000e+00 -1.84845915e-19
1.09169574e-01 -5.30211979e-02 -8.93236135e-01 0.00000000e+00 0.00000000e+00 0.00000000e+00 1.00000000e+00 -6.34694611e-19
-8.72365488e-01 -4.66048674e-01 1.82287632e-01 0.00000000e+00 0.00000000e+00 0.00000000e+00 1.00000000e+00 1.34083566e-18
6.55262344e-01 -3.36862005e-01 3.61429054e-01 0.00000000e+00 0.00000000e+00 0.00000000e+00 1.00000000e+00 9.01365462e-19
2.63328798e-01 4.13448049e-02 -2.12739086e-01 0.00000000e+00 0.00000000e+00 0.00000000e+00 1.00000000e+00 -1.24781230e-18
5.16175480e-01 -1.22177079e-01 -3.64017806e-01 0.00000000e+00 0.00000000e+00 0.00000000e+00 1.00000000e+00 1.59267463e-18
-2.90948064e-01 -9.56775840e-01 9.05247404e-03 0.00000000e+00 0.00000000e+00 0.00000000e+00 1.00000000e+00 1.21509084e-18
9.41396049e-01 6.52583848e-01 7.50009884e-01 0.00000000e+00 0.00000000e+00 0.00000000e+00 1.00000000e+00 -6.92433703e-19
7.86242243e-01 7.92321544e-01 7.02263254e-01 0.00000000e+00 0.00000000e+00 0.00000000e+00 1.00000000e+00 1.07953566e-18
5.56766994e-01 -7.19501822e-01 -9.13049876e-01 0.00000000e+00 0.00000000e+00 0.00000000e+00 1.00000000e+00 -1.26117086e-18
-6.10722584e-01 1.08072287e-01 -6.37003181e-01 0.00000000e+00 0.00000000e+00 0.00000000e+00 1.00000000e+00 1.59930787e-18
-6.65579925e-02 -7.82848518e-01 -5.26510258e-01 0.00000000e+00 0.00000000e+00 0.00000000e+00 1.00000000e+00 5.30912426e-19
-9.12392468e-01 3.44480186e-01 -5.01224848e-01 0.00000000e+00 0.00000000e+00 0.00000000e+00 1.00000000e+00 4.81053584e-19
-6.91421016e-01 -4.37532432e-01 1.42465303e-01 0.00000000e+00 0.00000000e+00 0.00000000e+00 1.00000000e+00 -1.31237259e-18
3.66097906e-01 3.18845269e-01 -1.67475149e-01 0.00000000e+00 0.00000000e+00 0.00000000e+00 1.00000000e+00 1.27223527e-18
4.89524312e-01 4.53989229e-01 -9.01491760e-01 0.00000000e+00 0.00000000e+00 0.00000000e+00 1.00000000e+00 -1.50925198e-18
9.35019465e-01 5.37294984e-01 -2.52771723e-01 0.00000000e+00 0.00000000e+00 0.00000000e+00 1.00000000e+00 -8.30478459e-19
-3.48349284e-01 -7.84518108e-01 4.75058974e-02 0.00000000e+00 0.00000000e+00 0.00000000e+00 1.00000000e+00 -1.14388402e-18
-2.59080588e-01 8.32023690e-01 -7.96656194e-01 0.00000000e+00 0.00000000e+00 0.00000000e+00 1.00000000e+00 8.86862255e-19
-6.08883774e-02 -5.39572018e-01 6.66917108e-01 0.00000000e+00 0.00000000e+00 0.00000000e+00 1.00000000e+00 -9.67060271e-19
-6.21057282e-01 -9.25174888e-01 -8.96076267e-01 0.00000000e+00 0.00000000e+00 0.00000000e+00 1.00000000e+00 1.31582995e-18
-7.40156989e-01 1.09704939e-01 8.49683738e-01 0.00000000e+00 0.00000000e+00 0.00000000e+00 1.00000000e+00 5.00741207e-19
-4.85901475e-02 -2.58155432e-01 -8.01773717e-01 0.00000000e+00 0.00000000e+00 0.00000000e+00 1.00000000e+00 -1.48629853e-18
-5.46181302e-01 6.59579486e-01 6.87149903e-01 0.00000000e+00 0.00000000e+00 0.00000000e+00 1.00000000e+00 -1.58477753e-18
3.39627989e-01 6.16502944e-01 8.05306288e-01 0.00000000e+00 0.00000000e+00 0.00000000e+00 1.00000000e+00 -1.43664642e-18
-1.25696162e-01 -3.65722214e-01 9.59141361e-01 0.00000000e+00 0.00000000e+00 0.00000000e+00 1.00000000e+00 3.39421689e-19
6.65356392e-01 9.05798790e-01 6.04051761e-01 0.00000000e+00 0.00000000e+00 0.00000000e+00 1.00000000e+00 9.66054226e-19
4.00530204e-01 -4.18164324e-01 5.58955082e-01 0.00000000e+00 0.00000000e+00 0.00000000e+00 1.00000000e+00 -8.37769124e-19
-3.75266717e-01 3.01142585e-02 2.84966552e-01 0.00000000e+00 0.00000000e+00 0.00000000e+00 1.00000000e+00 1.11962937e-18
6.64519603e-01 -4.88069819e-01 5.57992709e-01 0.00000000e+00 0.00000000e+00 0.00000000e+00 1.00000000e+00 -1.41878528e-18
6.09528715e-01 8.72087140e-01 -7.30895583e-01 0.00000000e+00 0.00000000e+00 0.00000000e+00 1.00000000e+00 9.64394508e-19
-2.25043242e-01 -6.70784365e-01 7.21360719e-02 0.00000000e+00 0.00000000e+00 0.00000000e+00 1.00000000e+00 1.37080768e-18
-4.23343792e-01 -9.10178761e-01 2.84457404e-02 0.00000000e+00 0.00000000e+00 0.00000000e+00 1.00000000e+00 8.71931438e-19
3.64991008e-01 -1.29805880e-01 7.15144288e-01 0.00000000e+00 0.00000000e+00 0.00000000e+00 1.00000000e+00 6.34848982e-19
-7.20495033e-01 9.84751128e-01 -7.44012688e-02 0.00000000e+00 0.00000000e+00 0.00000000e+00 1.00000000e+00 1.08300802e-18
-6.00183595e-01 7.83354533e-01 -2.29821008e-01 0.00000000e+00 0.00000000e+00 0.00000000e+00 1.00000000e+00 -1.47351769e-18
-9.85275460e-01 4.97216039e-01 2.79126542e-01 0.00000000e+00 0.00000000e+00 0.00000000e+00 1.00000000e+00 -9.55595468e-19
5.73848755e-01 7.81584982e-01 -4.67073365e-01 0.00000000e+00 0.00000000e+00 0.00000000e+00 1.00000000e+00 -1.20187703e-18
3.29701713e-01 7.86893279e-01 -7.20463178e-01 0.00000000e+00 0.00000000e+00 0.00000000e+00 1.00000000e+00 1.45188932e-20
4.10330757e-01 3.77167208e-02 -4.42454520e-02 0.00000000e+00 0.00000000e+00 0.00000000e+00 1.00000000e+00 7.85669380e-19
5.61458062e-01 -3.68141896e-01 -1.66221263e-01 0.00000000e+00 0.00000000e+00 0.00000000e+00 1.00000000e+00 4.16603879e-19
-8.21684489e-02 5.44024864e-01 -5.34860119e-01 0.00000000e+00 0.00000000e+00 0.00000000e+00 1.00000000e+00 1.12514809e-18
1.37482392e-01 3.23322526e-01 -2.64976380e-01 0.00000000e+00 0.00000000e+00 0.00000000e+00 1.00000000e+00 -1.10481937e-18
-7.20406004e-01 -2.52684542e-01 -2.67215100e-01 0.00000000e+00 0.00000000e+00 0.00000000e+00 1.00000000e+00 7.51808863e-19
-7.70939853e-01 -8.11066664e-01 -3.45008871e-01 0.00000000e+00 0.00000000e+00 0.00000000e+00 1.00000000e+00 -9.83603502e-19
3.36805924e-01 4.93579223e-01 -2.41071841e-01 0.00000000e+00 0.00000000e+00 0.00000000e+00 1.00000000e+00 -7.34569944e-19
-5.78075877e-02 -4.75078968e-01 3.71486691e-01 0.00000000e+00 0.00000000e+00 0.00000000e+00 1.00000000e+00 6.72608803e-19
1.30472213e-01 8.73626301e-01 -4.06247051e-01 0.00000000e+00 0.00000000e+00 0.00000000e+00 1.00000000e+00 1.53874577e-18
5.29997715e-01 -5.18058850e-01 8.97715853e-01 0.00000000e+00 0.00000000e+00 0.00000000e+00 1.00000000e+00 3.57425118e-19
2.69436640e-01 -7.54484135e-01 8.32696039e-01 0.00000000e+00 0.00000000e+00 0.00000000e+00 1.00000000e+00 -1.42753837e-18
1.07158801e-01 6.62225344e-01 -3.81791434e-02 0.00000000e+00 0.00000000e+00 0.00000000e+00 1.00000000e+00 3.72695028e-19
1.18414321e-01 -6.93431367e-01 -3.43277590e-01 0.00000000e+00 0.00000000e+00 0.00000000e+00 1.00000000e+00 -1.46647051e-18
-3.92099804e-01 -6.41463384e-01 7.08695797e-02 0.00000000e+00 0.00000000e+00 0.00000000e+00 1.00000000e+00 1.23093857e-18
-9.38364331e-01 1.98765583e-01 6.97120978e-01 0.00000000e+00 0.00000000e+00 0.00000000e+00 1.00000000e+00 6.71562863e-19
-1.26565222e-01 7.49124082e-01 3.05174681e-01 0.00000000e+00 0.00000000e+00 0.00000000e+00 1.00000000e+00 -1.04741385e-18
-5.70830654e-01 -6.07130669e-01 6.08783656e-01 0.00000000e+00 0.00000000e+00 0.00000000e+00 1.00000000e+00 -1.30827013e-18
-1.82942713e-01 -3.79352654e-01 6.54445521e-02 0.00000000e+00 0.00000000e+00 0.00000000e+00 1.00000000e+00 -1.01407133e-18
7.06806147e-01 5.54809676e-01 2.65835259e-01 0.00000000e+00 0.00000000e+00 0.00000000e+00 1.00000000e+00 1.53817666e-18
-5.32121028e-01 9.43652852e-01 -4.23688772e-01 0.00000000e+00 0.00000000e+00 0.00000000e+00 1.00000000e+00 -1.32786341e-19
-8.83394517e-01 1.48237240e-03 4.69786325e-01 0.00000000e+00 0.00000000e+00 0.00000000e+00 1.00000000e+00 9.10295715e-19
-4.37232216e-01 -7.12204995e-01 -5.95190814e-01 0.00000000e+00 0.00000000e+00 0.00000000e+00 1.00000000e+00 4.37100517e-19
-4.12812484e-01 -9.72127425e-01 3.89596258e-01 0.00000000e+00 0.00000000e+00 0.00000000e+00 1.00000000e+00 2.32037314e-19
3.23833029e-01 -5.40687940e-01 7.21438137e-01 0.00000000e+00 0.00000000e+00 0.00000000e+00 1.00000000e+00 -1.13712803e-18
1.14064305e-01 -7.36355564e-01 -7.35794325e-01 0.00000000e+00 0.00000000e+00 0.00000000e+00 1.00000000e+00 1.42921992e-18
5.67796418e-01 3.55317347e-01 2.28759481e-01 0.00000000e+00 0.00000000e+00 0.00000000e+00 1.00000000e+00 -6.36568385e-19
3.28627081e-01 -7.56334991e-01 -8.09808504e-01 0.00000000e+00 0.00000000e+00 0.00000000e+00 1.00000000e+00 2.49994720e-19
-1.87226277e-01 1.26598632e-02 4.51431257e-01 0.00000000e+00 0.00000000e+00 0.00000000e+00 1.00000000e+00 6.40152701e-19
6.28040769e-01 3.88524871e-01 -8.31013562e-01 0.00000000e+00 0.00000000e+00 0.00000000e+00 1.00000000e+00 4.78195749e-19
-6.66054160e-01 1.62233218e-01 8.71879645e-01 0.00000000e+00 0.00000000e+00 0.00000000e+00 1.00000000e+00 1.41182014e-18
-9.54575854e-01 -6.00448697e-01 -7.25184140e-01 0.00000000e+00 0.00000000e+00 0.00000000e+00 1.00000000e+00 -1.12652567e-18
-8.19904278e-01 6.08249052e-01 9.17760492e-01 0.00000000e+00 0.00000000e+00 0.00000000e+00 1.00000000e+00 2.67651247e-20
4.44718701e-01 4.30814259e-01 6.01768352e-01 0.00000000e+00 0.00000000e+00 0.00000000e+00 1.00000000e+00 -3.07507714e-19
-7.62455395e-02 4.77968008e-01 1.87364009e-01 0.00000000e+00 0.00000000e+00 0.00000000e+00 1.00000000e+00 -8.27725161e-20
-6.77456442e-01 -7.37884497e-01 5.65248209e-01 0.00000000e+00 0.00000000e+00 0.00000000e+00 1.00000000e+00 -1.22016156e-18
2.08955021e-03 -7.52492393e-01 5.90229678e-01 0.00000000e+00 0.00000000e+00 0.00000000e+00 1.00000000e+00 -1.17249013e-18
-6.95375795e-01 8.55125102e-01 8.92054126e-01 0.00000000e+00 0.00000000e+00 0.00000000e+00 1.00000000e+00 -7.11124350e-19
3.92640750e-01 -2.04843612e-01 -4.93233292e-01 0.00000000e+00 0.00000000e+00 0.00000000e+00 1.00000000e+00 -6.25795441e-19
-1.07687449e-01 -3.98102616e-01 1.80151791e-01 0.00000000e+00 0.00000000e+00 0.00000000e+00 1.00000000e+00 -2.31023573e-19
-2.37957548e-01 -2.28319093e-02 -8.09901605e-01 0.00000000e+00 0.00000000e+00 0.00000000e+00 1.00000000e+00 3.55643309e-19
-3.96975822e-01 3.25728426e-01 2.32331400e-01 0.00000000e+00 0.00000000e+00 0.00000000e+00 1.00000000e+00 4.31399252e-19
2.60565186e-01 9.11246514e-01 -6.57417392e-01 0.00000000e+00 0.00000000e+00 0.00000000e+00 1.00000000e+00 -2.82589042e-19
-2.76374779e-01 -4.27107546e-01 1.29901223e-01 0.00000000e+00 0.00000000e+00 0.00000000e+00 1.00000000e+00 -2.92291141e-19
-8.24700161e-01 8.49616859e-01 1.44861028e-01 0.00000000e+00 0.00000000e+00 0.00000000e+00 1.00000000e+00 -9.04817953e-19
-7.63988196e-01 -9.50281017e-01 -6.80296940e-02 0.00000000e+00 0.00000000e+00 0.00000000e+00 1.00000000e+00 2.82964416e-19
9.23795329e-01 1.10396085e-01 4.52635510e-02 0.00000000e+00 0.00000000e+00 0.00000000e+00 1.00000000e+00 -5.86265554e-19
8.17161381e-01 2.67950223e-01 5.27846780e-01 0.00000000e+00 0.00000000e+00 0.00000000e+00 1.00000000e+00 -1.48662819e-18
3.99414268e-01 -7.88205192e-01 5.98489433e-01 0.00000000e+00 0.00000000e+00 0.00000000e+00 1.00000000e+00 -2.61475085e-19
-4.68260077e-01 -7.19320806e-01 -1.56935688e-02 0.00000000e+00 0.00000000e+00 0.00000000e+00 1.00000000e+00 -8.28880471e-20
9.38352755e-01 -1.61771361e-01 1.99186883e-01 0.00000000e+00 0.00000000e+00 0.00000000e+00 1.00000000e+00 -8.79297390e-19
5.57501808e-01 9.32463824e-01 8.62472471e-01 0.00000000e+00 0.00000000e+00 0.00000000e+00 1.00000000e+00 2.32180815e-19
4.33780378e-01 1.92085106e-01 -7.60532823e-01 0.00000000e+00 0.00000000e+00 0.00000000e+00 1.00000000e+00 2.10756404e-19
-1.01276996e-01 8.66046443e-01 -7.65792868e-01 0.00000000e+00 0.00000000e+00 0.00000000e+00 1.00000000e+00 6.47286349e-19
-4.55516876e-01 6.08721831e-01 -8.24581976e-01 0.00000000e+00 0.00000000e+00 0.00000000e+00 1.00000000e+00 4.74079202e-19
-8.07218076e-01 -6.52367969e-02 3.15726570e-01 0.00000000e+00 0.00000000e+00 0.00000000e+00 1.00000000e+00 4.88449363e-19
8.05204793e-01 5.69526899e-01 -1.62783398e-01 0.00000000e+00 0.00000000e+00 0.00000000e+00 1.00000000e+00 -5.88914783e-19
-8.84474203e-02 -9.64326432e-01 5.48642832e-01 0.00000000e+00 0.00000000e+00 0.00000000e+00 1.00000000e+00 9.21034380e-19
-5.95273270e-01 -7.81712006e-01 3.42462827e-01 0.00000000e+00 0.00000000e+00 0.00000000e+00 1.00000000e+00 1.57475966e-19
-3.88086752e-01 6.58857230e-01 -3.32724483e-01 0.00000000e+00 0.00000000e+00 0.00000000e+00 1.00000000e+00 -2.19760330e-19
1.58439138e-01 5.93634177e-01 7.96733095e-01 0.00000000e+00 0.00000000e+00 0.00000000e+00 1.00000000e+00 4.03788505e-19
-6.46454434e-01 -5.34718516e-01 5.25064294e-01 0.00000000e+00 0.00000000e+00 0.00000000e+00 1.00000000e+00 -4.46503126e-19
7.13228568e-01 6.15391812e-02 -4.58930118e-01 0.00000000e+00 0.00000000e+00 0.00000000e+00 1.00000000e+00 4.08210401e-20
5.17039060e-01 2.12031641e-01 -2.71615964e-01 0.00000000e+00 0.00000000e+00 0.00000000e+00 1.00000000e+00 7.58488646e-19
4.38925912e-01 7.35477908e-01 -3.71120040e-01 0.00000000e+00 0.00000000e+00 0.00000000e+00 1.00000000e+00 1.23817135e-18
-1.35813920e-01 2.06214315e-01 -6.84776703e-01 0.00000000e+00 0.00000000e+00 0.00000000e+00 1.00000000e+00 1.34921601e-18
2.54617681e-01 -1.74856861e-01 -7.04433255e-01 0.00000000e+00 0.00000000e+00 0.00000000e+00 1.00000000e+00 1.16411757e-20
1.68195938e-01 -2.51631913e-01 8.72254927e-01 0.00000000e+00 0.00000000e+00 0.00000000e+00 1.00000000e+00 6.49686302e-20
2.99693203e-01 -1.48235827e-01 -1.24191926e-01 0.00000000e+00 0.00000000e+00 0.00000000e+00 1.00000000e+00 9.60890731e-19
-8.31111358e-01 3.03862051e-01 -2.33360354e-01 0.00000000e+00 0.00000000e+00 0.00000000e+00 1.00000000e+00 -5.94565532e-19
-1.68385196e-01 7.34981264e-01 4.59371417e-01 0.00000000e+00 0.00000000e+00 0.00000000e+00 1.00000000e+00 1.08109228e-18
-9.16771652e-01 -9.22062358e-02 1.05986131e-01 0.00000000e+00 0.00000000e+00 0.00000000e+00 1.00000000e+00 -1.87722341e-20
-1.20183615e-02 -5.04320874e-01 8.72279974e-01 0.00000000e+00 0.00000000e+00 0.00000000e+00 1.00000000e+00 -1.23093076e-18
-3.40277575e-01 -5.26675274e-01 5.60602988e-01 0.00000000e+00 0.00000000e+00 0.00000000e+00 1.00000000e+00 -1.37127367e-18
-7.10951622e-01 4.92028560e-01 -4.12608718e-02 0.00000000e+00 0.00000000e+00 0.00000000e+00 1.00000000e+00 1.09586706e-18
